5142
8188
6541
3520
3195
3781
1718
6920
1674
4404
281
6010
2836
1096
536
7000
1115
3483
4463
7801
1968
8304
4281
7515
9305
1016
5353
2463
6610
2100
8494
2576
7622
1362
7730
4439
470
4631
5328
361
6993
9915
8118
2147
4726
8702
7220
7778
4280
3236
357
3272
5195
2776
4185
75
907
859
9949
2645
5911
8267
2530
8081
9807
4730
9577
1337
1238
1718
2090
2631
1419
3011
3989
2908
172
3685
6424
6839
8164
4341
3755
7235
6550
5781
3117
8908
7391
9875
6395
3219
5240
4745
9883
7154
5967
8837
2393
1545
8904
4884
6100
3865
3384
386
3401
6579
2144
421
913
2967
1431
54
7554
6324
8274
548
4558
5989
944
1913
5843
4127
1484
8338
8575
637
4266
8687
3270
7289
5353
5213
145
3346
5024
8081
4759
1617
9524
5980
3508
5615
5288
4058
1515
6620
9530
9067
1888
1789
9233
1887
7558
670
2280
1504
5544
4204
7753
9662
7425
5885
5985
4058
4049
3416
3248
455
6250
5043
9498
4694
7109
7762
809
7599
2483
8840
8403
824
864
2910
8331
9786
8700
9123
5132
6664
7613
5461
3108
4459
5018
3562
4369
9242
7938
6512
9718
3348
1459
8595
4043
5826
2506
6169
3451
9601
9849
1676
3919
1191
1386
9526
570
7875
2211
1323
2847
1987
3053
5667
9570
563
3342
8057
7097
4677
2865
6919
8312
8799
7757
5911
8888
2668
3749
121
4053
7880
4639
659
9758
5793
9526
672
5617
4572
7491
6259
647
4141
5259
1577
2643
6762
2410
4013
393
5543
5123
3868
4565
7281
5419
8904
5674
3819
6895
1062
4523
9330
3786
845
2736
9817
7707
3578
7731
4319
902
3571
1605
2115
2395
3385
979
5867
5330
3743
9689
9623
3761
3572
3647
2750
8449
6057
6700
9667
1801
3658
8400
4943
9660
6636
4046
7048
9524
7209
8304
8885
5567
4037
2258
9501
2369
4991
6963
467
2502
9239
7680
7022
3193
2641
6371
2310
8794
4665
9619
6694
2169
7470
9733
8480
7919
4868
3389
469
4577
6565
9679
9032
2914
3318
1486
613
4582
7101
937
9010
2725
500
2233
379
8093
9623
6521
2208
1704
6708
1762
4506
5578
5280
1629
6361
6718
4451
9842
4158
2036
2565
2195
3812
4362
10000
1934
6607
864
4548
6415
7536
1665
928
2018
1129
9276
6560
6718
6247
9926
5902
2563
2865
7306
9244
9862
5337
4633
6803
5579
5517
2092
7299
5967
2179
61
9722
8991
6867
9195
7829
1020
5085
2852
9800
198
6987
6336
838
9634
6721
32
8707
6509
9961
485
4520
7405
4091
1701
4870
1287
993
8079
9334
5650
3800
2464
5684
4607
8725
8974
9315
2720
5570
2329
6171
4892
3617
4828
9691
3274
7660
4536
7588
7338
1626
7847
1297
3084
364
893
2899
9198
8885
684
5272
1765
67
8979
8554
8682
8932
4492
2530
5303
533
1191
1127
4606
4398
7059
7526
3711
9367
6357
5378
8214
2887
4051
9771
8562
6545
8204
8037
1360
9205
8363
7275
5679
9943
4512
1655
4012
3129
9087
7825
8007
493
9223
5859
2099
813
90
492
7345
967
7250
5025
8089
5826
6390
9520
1180
9348
6384
6058
1887
5975
3778
8373
224
4349
9965
7832
9023
3368
6163
881
626
8862
4909
5533
7602
4605
7618
3508
3773
7304
6478
3582
7994
5592
8432
7104
8387
341
6056
635
1366
9328
8580
967
4549
518
528
1327
7870
6438
3752
505
6901
3288
4929
1745
4088
163
2880
3500
9918
6532
5454
3202
906
3181
8144
4653
8821
5126
9037
3351
5027
1811
4228
4087
1660
150
8700
4426
3217
7686
962
6232
7279
6035
9426
1532
84
3164
4064
1037
6628
2242
9400
6432
1050
4772
5977
188
4585
8991
2835
4023
8000
8958
212
3111
9297
82
3729
4154
1207
7460
106
8721
7545
9298
9400
3425
4952
2674
6698
8667
953
4371
5045
1264
4514
311
6733
2569
695
4699
2656
7830
5018
6935
8250
6032
913
139
7585
5073
5622
3446
2003
8943
1938
3892
6732
792
752
6737
5885
370
2074
6244
864
6818
5082
6941
5041
1199
7894
5576
8939
1660
7209
9667
4781
7301
8264
948
7577
5973
8875
4990
4874
5367
1072
1849
8250
9427
7746
9106
2134
4484
4973
5720
7199
1160
1617
3922
3294
3489
4754
6939
6479
4621
7873
5425
6483
7670
5162
482
7553
7094
1164
8188
8154
116
1902
7044
9430
9230
5744
5105
7508
8917
3361
6220
4789
5828
3590
8675
5132
5623
360
9326
6222
7501
3112
9392
2030
1766
3701
393
4808
2315
6147
920
2401
885
25
3870
5094
5257
4565
2457
5470
1079
6382
8995
1340
2403
6340
6524
9730
4869
694
5534
2825
66
2963
9751
2048
143
7355
2410
5297
1477
3490
5319
6639
5281
6804
1242
4523
7789
8902
9610
1855
8522
4453
6426
8041
7687
2009
2563
2737
8597
5468
7540
3491
9964
3793
7631
5248
3012
5169
7648
3251
3630
4
2442
5166
6231
1948
9835
5361
52
3042
448
9253
993
6304
7268
1025
8323
726
2338
6802
6181
191
842
7799
7893
2913
734
8536
3200
3417
708
3644
5687
3096
7202
6680
7913
4844
5963
7689
459
8199
2520
9973
2494
3853
6675
3743
9525
1555
6215
3753
9162
1823
5378
5450
9393
8658
5059
9326
5948
7205
5726
778
3395
672
5854
2936
8966
690
3548
1521
9299
1850
1351
7261
1878
2319
4357
9953
5627
2774
9742
8531
1405
174
3835
3529
6894
6422
478
8658
7794
3854
4449
4421
3058
7800
7704
5711
321
3367
7508
4113
2374
6431
412
7376
63
6330
9891
29
9499
2810
2984
6500
1971
8585
4228
8848
9815
6544
5100
6231
2135
1144
5639
9219
969
5434
5826
5265
7145
1539
467
6691
9590
5425
4678
9525
2382
430
7405
7984
6003
5741
2808
3933
5335
3740
855
4027
7789
2433
3823
3218
1490
3777
3407
2721
4337
3722
4176
5745
7273
267
7616
25
9271
6578
9917
3396
9061
9555
9303
8240
9644
6104
8518
3808
9627
4858
5668
2357
6454
727
5521
4273
4984
143
5678
7476
6442
430
4900
7209
5456
6208
2952
9397
5741
2455
6212
5420
1969
3326
9468
6643
2739
8042
8951
2629
4071
4857
5608
3775
5889
4867
3203
8586
7066
7361
9479
5549
4231
8586
9805
5428
3331
8598
3373
3210
6203
8410
3161
8183
8314
1893
3538
1185
7937
4600
7857
6747
7212
1009
1869
8794
9865
3007
2403
8285
9831
9662
2233
9115
5880
9434
5324
5578
8123
7890
7040
1519
4659
8426
2019
4496
2775
4271
5499
5831
1133
8771
3304
2614
4258
826
9496
240
3700
4392
9557
4139
9501
9125
4913
7941
9167
3670
8575
4892
5106
5987
5321
9659
945
9791
5152
6943
4041
3029
5760
5912
6183
1389
9617
8334
1890
7467
5731
488
8283
3620
4225
5354
2382
2976
3357
8711
7991
6253
260
4385
2956
3511
7185
1598
6773
1867
6227
180
7966
6662
8442
5916
7036
8618
3928
1092
7413
4239
3880
4246
6418
8045
399
1250
7240
9810
7306
5977
9686
1130
513
9739
2159
3377
9335
7565
4445
8695
4178
9796
1160
7252
5144
9200
7851
6664
5664
8516
4295
4924
8675
3698
6618
4404
2346
6778
3334
4527
9927
6237
3759
4734
7984
5780
5413
216
2862
1506
6665
774
5298
6471
1663
4902
3728
7273
6499
5771
7204
5777
2399
5552
5049
6280
1001
4026
3200
9462
769
5701
3187
4862
9154
9034
5691
1435
8514
8968
3416
8390
9028
9206
7134
7998
7898
1435
5453
9314
3450
5209
1228
6390
5390
9768
3573
3489
2824
9778
4935
8121
8079
5582
8106
2595
8767
3764
5765
3714
2025
936
4099
5036
9435
314
116
9563
2335
1576
4526
3483
3846
5392
5975
4433
4930
7510
6270
6967
9368
9831
41
7031
5441
164
2644
1399
1063
2990
1200
8320
4911
1930
3823
1029
9215
5908
8397
1727
825
1047
4134
3137
2975
8257
2040
8516
2520
9877
9593
8454
6453
2542
7162
9663
5641
1296
571
283
8843
1425
9239
203
9355
9001
7954
2802
300
6527
9383
1961
4492
7982
8093
8116
8225
7101
6895
7116
772
7812
1096
8601
912
9558
8378
9285
2245
3081
3183
3437
3849
1580
3567
3924
8899
2818
5624
3005
3992
7149
2710
2429
6277
6230
7766
9845
6771
3124
2368
1775
9410
9147
1854
1237
3077
1187
6761
2962
5278
1145
7616
2819
6408
3929
1214
7196
4754
9562
146
994
2731
92
1793
7828
6344
9861
5551
8886
5170
4114
2392
8793
6892
2182
5649
8625
8624
1041
7979
3083
9643
8129
8240
8740
2920
4698
2195
1162
2948
3008
6549
8252
9352
129
4295
5333
3438
1952
3925
6655
7093
3856
9651
3374
1428
9438
8180
987
8712
83
8886
9507
5705
8432
9878
8790
4224
979
9921
4928
4315
658
9177
880
56
2459
9443
153
7794
1231
1156
6618
6386
4701
7829
4646
3440
8743
3950
6185
8705
1664
3361
6080
9167
4908
7657
9707
5105
4875
9748
8397
2636
5062
163
2678
7192
4325
9806
344
1587
5497
8534
6956
1146
3740
591
7699
2328
3639
4986
3108
5193
3484
2020
7965
7431
2524
5120
6118
8565
6735
3285
4341
5944
5212
7686
5367
3947
1589
6703
3021
2771
9936
3459
3248
3277
698
9372
6110
2799
2948
1862
1643
7642
9799
4490
5176
4067
2841
3865
5504
9102
3910
7358
6038
3306
1846
9908
6239
4311
3451
6943
3859
7632
4161
5131
6486
9030
9260
9755
8558
1033
9082
8890
6437
8815
756
7156
7278
3246
5128
2307
6373
4987
3835
3248
4184
3266
775
4393
8050
3765
6399
1762
117
1352
7677
6689
8199
4290
2018
5558
254
9441
3486
9254
1367
7295
1123
2564
439
5228
947
7303
7250
9258
7996
2789
4695
9031
8966
7151
1652
1146
3440
2209
5583
9113
6603
3650
2700
4175
6418
4800
408
5966
4528
2435
5912
1030
2305
6233
2859
6915
3546
9152
920
8424
941
1740
5683
368
7698
9886
1110
4660
3265
8971
1158
429
7208
1237
2428
1135
3604
6954
7551
3093
8723
1771
2481
3839
1492
620
2536
647
3336
7404
4853
4236
931
465
5111
8335
6835
8207
5139
6117
4501
3582
9613
8094
2000
9593
3829
170
9948
1439
8553
1761
3588
8387
6390
9652
3677
2758
4910
5101
8964
6262
5058
3870
78
4740
3551
7438
349
3490
4273
6523
5542
675
5693
8976
1988
2085
6831
6962
4692
1067
1869
3545
1857
6695
7782
148
3654
3595
536
5477
5379
4320
8974
1670
478
8790
9275
4278
4462
6611
2111
2242
9085
2271
8195
1661
1116
156
163
3093
3041
5344
3783
3766
5586
7018
5341
1538
8481
1167
9827
7349
8763
606
3990
4717
1889
1142
872
6571
3929
9062
8061
8247
1397
2393
5421
4813
5562
6052
6082
3476
8256
106
7244
8421
3672
4954
5308
6137
3112
4730
261
6386
3955
9274
9142
1996
5970
2716
936
3172
5036
5157
2241
2995
3391
9927
4568
7784
1577
9136
5834
8584
7534
452
138
7562
4357
9247
2564
8430
3328
7331
4012
8564
280
1260
8067
4535
3154
1795
9718
9249
1329
8885
5134
2346
151
681
8159
3847
1869
2571
4064
3677
4634
7799
6811
9632
7246
788
8817
5880
8985
3977
2968
122
323
1588
5919
1167
7745
799
6276
2581
5217
5537
313
2241
9400
7740
4048
2681
7402
2759
1647
6500
9909
8457
4619
7838
1145
6776
3889
1519
9541
4676
7226
2613
2332
7686
1293
9189
8718
9706
9098
8723
923
9034
9951
5238
4811
1867
628
7387
4492
6938
6453
5603
7233
7246
5032
5571
875
9592
9788
3867
8869
1444
5197
7731
4409
2688
8335
7544
3998
815
8103
5655
1816
1953
1144
9399
6984
3080
8551
2290
2007
77
8509
1314
3786
6880
5506
4971
8251
3495
7749
3105
7030
4376
5163
3627
135
8597
3344
1908
4296
1770
3657
6490
4717
8988
586
7426
9050
3993
2610
3474
2245
6470
8191
7134
772
8465
6426
5145
2715
9428
248
1442
2937
17
9147
2676
2738
2058
8934
2084
5195
3830
8483
9254
9385
7036
4490
8754
7851
4918
7640
4507
6398
1090
5288
9181
795
98
379
759
9138
5272
5069
4201
3567
5182
4086
6624
7954
4148
2530
5065
6978
4867
7652
8566
4218
9991
9965
9640
3755
7788
1882
7354
9816
9897
1182
7548
6679
8338
3138
2288
4935
4747
9574
7782
3996
14
5759
6947
330
8111
8645
5463
4907
2702
6572
4770
3782
6594
2917
5943
8111
2656
4638
920
1663
8142
5550
9683
2695
7994
5343
1898
7601
3087
1756
5860
1686
3557
6962
3578
8616
770
955
6975
6880
867
4742
9263
83
6610
289
5472
354
8059
2594
5435
9172
6573
3855
4368
4273
9070
3002
2584
4849
5242
2753
3803
2441
1104
5197
9090
4714
2835
9658
3499
2612
4770
985
4025
5262
226
4955
5307
5372
9678
451
8635
6346
4086
8035
3574
8070
5722
2794
6497
7018
1259
5649
3230
8388
7467
4555
5077
7273
1616
4458
4685
7563
3114
7204
9344
3884
9209
2491
1389
2842
4481
8938
6540
7162
5241
9384
6047
7575
2315
1163
70
5589
5956
8902
9515
3962
8214
9621
4101
3010
4371
164
9072
8465
1964
4483
4486
5568
4690
2382
7243
5381
3287
1073
5924
673
8430
9202
8810
3865
3577
4770
534
6761
8678
5834
6201
9975
2235
1045
9388
1532
3096
6530
1405
2688
9616
987
1001
7008
8017
2317
345
4188
5004
2041
4992
3895
7045
89
6260
6795
3049
2261
6906
4607
8139
656
9247
408
6450
7670
4107
5420
4352
1869
1228
5876
3377
7887
5699
9568
7608
8910
1123
6129
5902
7361
8984
8543
9125
1402
6552
2954
6332
3228
2021
6476
6549
1807
8331
3595
4682
2659
3844
9530
1851
9243
1825
1871
5677
3516
2640
2473
2932
5586
55
7621
1440
3878
8658
3522
4044
9422
1282
8825
2111
1702
8452
3430
1125
1937
9366
7352
9046
1409
5913
4681
144
4233
6908
8183
3574
8385
4595
753
2425
6229
5340
5102
9941
5454
6328
8939
3630
8114
5566
9741
919
7876
1322
1174
4657
1706
7900
5427
4423
6314
360
5381
7052
8493
4971
9299
3776
754
1662
1770
3428
6167
7062
1735
6700
7175
4542
9884
65
8108
4281
2267
9280
8390
4961
6199
697
7461
8013
3572
5271
7372
2954
7668
8291
4249
2988
9336
564
1970
1230
7698
3915
976
4828
2733
3977
1004
2137
4387
9597
3413
6039
3272
3179
446
958
6459
172
316
1636
1612
1748
5103
7915
7158
523
637
5371
5656
3382
5706
1393
762
3693
8414
3202
7527
8557
2985
7300
685
6867
9946
6210
2001
4026
125
4487
8885
4837
9618
4052
859
8442
1898
8773
619
7541
5831
745
3693
3618
4281
8484
8923
3682
5146
3600
8989
5976
7608
6679
9997
5224
2389
9321
2917
3136
6354
1711
6807
5539
1950
1680
8442
2683
5320
2082
4622
9279
2526
2618
8027
6525
6398
1225
6568
4330
9569
7484
767
9239
3519
4965
7959
5802
3778
2509
2374
6319
6237
5183
5769
9137
6634
4549
7197
4979
8073
8284
7097
418
994
6306
8420
7209
1464
9256
9471
5267
6878
9941
1321
7124
4386
7935
711
2229
4111
7579
2307
6791
5813
6862
3510
2811
10
4051
5447
7402
8160
4621
2876
8535
8581
4544
7912
2057
9058
3010
9934
8739
883
8555
1778
7183
9933
5665
9536
1268
878
4668
4747
376
1465
2850
5739
147
317
7086
8
6385
9344
6453
3206
2243
8797
2244
5567
5711
2621
1293
3528
4120
9725
8113
6251
6668
1832
8266
8699
4823
1286
2878
2544
717
6265
1745
1284
4300
43
9224
8987
6761
2052
3995
4674
2219
5719
1337
9757
1696
4188
8796
7073
927
5996
1848
9809
3664
3713
5749
8310
5729
5540
4662
1441
8722
275
1148
5262
70
7884
1234
8114
9135
8544
9242
4850
2596
7141
1
8233
2995
6215
6247
7526
5603
7852
5827
6120
8719
1096
1476
7057
9063
9058
8732
273
9219
7795
4458
7989
9296
1100
7867
1249
4936
2690
2523
9973
402
5065
8260
1194
2501
4175
5313
6319
9761
5791
2786
256
3420
140
4241
7626
9052
7875
6636
2058
34
6102
8718
4955
6787
3805
9235
1815
4495
3534
1413
1118
5643
2295
6439
9727
5391
4887
1874
4929
2394
5387
3080
6253
5531
7586
7114
7894
7317
3111
4140
7961
8120
8106
1721
9861
1008
7871
6342
562
3937
5513
4252
6783
934
7378
9613
1305
1153
9956
1540
1343
2562
4875
6791
8671
5122
3420
301
1126
7202
583
5772
7056
8442
7438
3066
2443
9880
3246
6578
3808
328
2706
8229
398
9649
2484
6620
8506
3628
2547
9900
5132
9064
6697
6040
7368
3527
487
4513
1768
927
9859
1343
1560
7701
5981
1756
3426
6070
8694
5375
1036
6662
833
1209
2144
2079
1522
3999
7164
5108
4680
2119
678
7027
7961
6771
4925
1407
7547
3762
5111
3441
4649
7277
9104
299
5735
8558
3848
9777
4802
3122
5904
1857
1039
7894
7626
989
6476
9288
8813
9011
197
8894
4713
9555
5601
1323
7762
1592
9900
9555
668
2994
9573
7666
4160
3378
7652
1022
4951
898
2155
6703
6574
6444
5229
4775
2020
2453
1644
6749
889
2492
5770
9038
5759
8368
7890
8464
7011
773
717
2625
6325
3060
1871
1152
4002
2057
6264
3942
2132
4524
2219
7745
9864
2076
3579
9064
1457
4340
880
264
4132
7884
6415
2912
8815
7948
472
7331
577
482
8416
1240
3216
3245
489
4048
1386
7738
435
8250
7175
1528
8055
5533
9537
6775
8608
9084
7727
6616
8766
476
5882
4337
7014
3440
3400
1338
2280
6786
7127
6644
2416
6263
2516
5643
1853
3863
2846
8670
7423
3214
3713
453
3346
4928
5500
9849
8597
9141
6229
289
9
1844
2361
8459
2644
4479
8734
2068
7291
7090
9620
3198
5832
8661
8985
7769
5973
5367
1126
3051
4160
752
370
6900
5522
7543
5070
9409
2460
2001
7164
6815
7577
5431
1210
1612
9808
2292
5440
5438
5860
356
8725
9006
9951
6961
3313
6081
505
2802
1986
7116
3961
7709
9379
9892
7042
7283
6557
443
2641
7121
6452
4686
179
4406
3857
4998
5057
2615
9560
6725
5359
5824
6530
7009
4109
6498
5855
933
5969
5599
1639
2051
6949
7422
25
3490
6491
5581
8233
9953
201
4475
5277
1130
7957
3699
4538
5909
8048
6875
1478
8590
4697
4799
9315
1187
5739
3281
5272
8299
935
5799
7257
5233
3892
8708
3643
8734
5517
6443
9548
2028
6838
1187
3359
7448
7882
1325
2720
1571
2916
177
2612
9458
953
9462
5841
82
8893
7972
6817
3908
4965
515
3453
5644
5722
7018
6205
3170
7919
3077
5444
9576
5712
5213
6653
9274
5057
7725
9137
762
2557
9251
5054
6744
9259
8189
4085
932
3113
1627
777
4489
9908
3689
9955
519
7476
8975
5295
177
6165
5682
2947
8024
6917
8274
785
8752
8270
6711
7962
2711
486
5783
8370
2664
879
6134
3001
8032
2111
4132
1138
873
1153
6404
6993
336
2655
2947
5683
2998
2650
575
1386
9914
5466
3636
6569
6178
4053
8313
634
3200
814
4894
2042
5627
856
5112
8169
8889
8649
1475
5300
4630
7630
3902
102
2790
4937
7362
1089
2007
3174
9582
9460
3354
2380
5267
2499
7690
8826
4241
5112
9515
6032
5829
5039
1193
7580
8298
8002
3962
2422
7715
866
8769
8044
6181
7897
1800
8491
870
8878
3864
187
1191
8476
1005
644
7934
4209
8483
5829
26
219
5676
8920
1956
1826
7177
3509
9994
4346
9022
4983
9676
4467
7446
4664
7755
6584
2336
4942
5842
8721
4748
1237
7155
2300
5944
4620
5266
5282
1983
7708
8795
6649
7492
3442
8245
7305
4994
4877
5978
5121
8541
4139
1811
1711
7077
5083
4533
8043
2727
4117
5216
343
845
126
5119
6281
4666
7893
8812
7725
3118
2589
1456
6044
1915
9293
283
8455
6038
2578
4363
8993
2532
6441
149
6264
2914
9498
5654
682
7289
2814
1562
3999
2748
8616
1378
3749
4603
2653
5161
862
4926
1835
554
5997
9068
6451
1334
2664
724
4310
7724
8832
9646
1599
74
1324
5307
1150
786
3997
6019
3198
3749
711
4466
802
9913
3351
1215
2439
1584
3916
2637
8552
5975
9368
999
7109
9212
9687
4988
2074
7907
9264
9541
2031
369
8761
2239
143
6822
7467
2419
1951
7106
6692
3436
4792
1334
8639
62
1650
9875
6119
2426
7094
7766
5738
9071
2469
7082
7364
6783
1045
7521
3195
6168
4431
2056
1904
8847
2236
7285
9715
8258
2993
647
2315
9176
5507
5865
1940
3293
6977
2585
800
7349
5762
7639
6946
2985
3656
7088
9720
3864
2712
482
1815
6338
3583
7284
6396
1916
7870
4151
240
5076
8033
1221
2412
3191
1101
5543
2332
9795
8787
4000
1951
7380
8826
6433
885
5485
4326
1908
7343
5993
3334
9038
6319
1758
9120
5407
10000
6058
584
9645
9594
8191
4155
6153
1136
2603
7720
4066
368
5800
6401
6031
4462
7493
3744
9631
6482
3233
896
5181
5981
9532
3144
4757
6348
3815
9946
7650
5708
5911
4373
9081
8310
1402
8241
8552
2848
6362
5567
8997
1249
52
3789
4579
4250
4433
1487
5732
3863
3769
9037
9977
2190
2270
9402
5368
2330
245
7410
4127
7212
7135
8408
9805
5927
1139
1928
1968
9425
5184
8201
9462
1530
4420
9316
672
5698
7469
9348
4191
7031
8810
7560
319
7168
4946
6919
4014
2482
3830
6039
9791
4326
6360
9517
2691
8915
793
7884
6127
6138
6518
1058
7251
8902
4489
3248
9443
1614
2135
8949
3573
1368
9401
3764
7533
5575
8760
7581
6643
4522
5915
8886
8414
8376
8668
7091
1479
4491
9830
8874
1716
6764
9646
2471
4682
6290
1904
306
9316
4864
4049
8615
7300
9071
1850
8767
9994
9357
9432
7726
7574
1881
1786
1874
6826
4701
5775
3464
6281
9032
3651
2165
5657
9119
5654
808
1732
8660
2076
6712
4934
7476
2254
8509
5840
9064
4143
5353
6506
1290
3685
334
5064
6677
9740
9556
4555
618
6622
1499
8526
4914
5094
499
2937
1496
1946
5608
378
5942
8812
1717
6593
5742
306
125
1057
3290
6757
2635
4140
4073
9463
233
4925
4454
5149
195
4183
9467
1397
6813
5729
803
284
9025
848
479
3733
2993
492
4386
6805
7172
4894
6935
1321
3948
7612
2979
6347
1930
7941
3706
7679
5750
383
381
1166
9327
139
9790
9791
8200
4504
2429
9505
1287
283
6825
5700
2211
7376
5476
6553
6857
9465
1413
6906
8884
829
3248
6009
8512
7131
3693
6150
8750
20
2910
5542
8462
5580
1132
1655
5600
2576
9065
9959
9278
6030
443
9289
8618
6736
9177
1243
6123
5453
768
4593
2817
9998
9224
6233
2394
3341
1203
5823
4265
7961
3123
8047
3084
2279
827
3967
3726
2965
7587
5304
6481
9057
9271
2660
5477
2122
5403
9187
8267
1365
7192
6373
1875
2841
3712
514
9158
6282
245
4748
9269
7287
3360
2570
3601
5641
7895
106
2782
8733
4074
5815
3975
9173
4420
4241
899
4196
4688
593
2646
6318
2985
8644
5437
9571
4363
9970
1113
8667
8244
5331
1442
2442
4066
3414
1954
5443
2869
7187
4556
1035
3512
3038
5177
7506
2743
7883
190
6985
2750
8566
6171
5377
5303
967
9204
268
570
9293
272
8490
8724
9551
2059
7265
9220
3799
2803
747
4769
6109
2812
4672
9633
2655
9820
3891
9743
4867
9748
3270
8458
102
9301
8177
5710
8794
6764
5510
2816
5172
1219
5285
9349
4327
6402
1160
1362
193
7853
2279
7148
4701
4503
8552
6098
5448
1078
3494
4578
410
5132
7717
1743
8084
4215
6387
6018
3403
166
5751
151
9383
5307
4037
6658
4170
1481
5282
4533
2582
633
9362
2483
1760
7904
3654
1729
7599
1628
9014
3562
6385
3606
636
1038
606
1316
5492
3863
6625
9423
5831
5293
4562
2881
2211
9265
9469
773
2422
8988
2905
135
3979
2636
96
1160
3842
1345
8591
2468
2304
4477
6091
8276
4736
4102
3553
4432
7318
6216
8003
5099
2950
3058
9234
1195
4646
5235
2078
5731
5426
4171
6129
3576
4447
5334
2192
2316
6871
8074
3444
2437
9613
9705
1104
6003
7580
3560
2426
5748
9833
1041
6915
8244
7888
4741
9430
9837
8247
2027
2757
5888
427
1132
1735
4067
6006
4800
2984
8822
4666
8928
8028
3021
47
7904
2354
9729
9351
3680
8644
3470
6336
7915
8547
3018
1582
5582
414
110
1618
9674
2240
7863
1385
3014
7562
749
4397
1494
4242
2271
8325
4486
3521
9033
7125
6079
3626
1775
6413
296
2101
4915
3446
4496
9914
231
6713
8629
909
4776
3162
5495
9510
8927
419
1773
1485
159
27
4742
4862
8413
5763
9162
5439
7190
4514
6571
8756
9703
2408
5142
9934
54
5581
7861
6664
3101
368
2359
3459
6830
1798
5111
1
8992
6363
3362
4230
4988
5729
8132
3622
7513
4738
5817
230
4372
4417
236
7408
745
9019
1231
8476
7098
5623
4434
3815
1850
1249
1151
6648
3706
5689
1063
5226
4796
6570
5013
3811
2643
7125
4628
9359
8433
9388
5611
837
5811
7594
6671
6673
6305
7809
6047
8043
3122
7754
5296
5754
4017
815
4462
1008
4956
8676
8233
2662
4937
4425
3838
9479
5001
6712
897
7874
2524
3294
3054
3078
3433
6247
5642
6097
1369
5743
2148
9589
7263
8345
8187
7609
6645
3253
9206
1243
2285
4394
2864
5614
464
7207
7579
8819
7651
9826
9653
6347
9016
7743
9636
5049
2385
3342
7768
9812
8553
5215
6247
8019
5333
8893
9681
8159
2593
7053
9220
8696
1618
5129
4228
2909
1451
4308
3253
2042
5490
4694
7877
3042
9004
5174
5771
997
4246
5320
5216
9696
7469
2587
7453
4321
6294
1842
1009
6557
3978
6528
206
4544
1599
8620
8481
4769
5810
4010
6941
1001
5548
2183
9487
6662
1708
2245
6133
2412
7009
7406
9084
7956
6851
9240
9757
4393
2448
5691
2869
7767
670
313
3395
6126
1372
1959
8603
8786
3732
4728
448
8043
4979
1574
9269
6629
7342
1960
4537
2076
9344
437
5890
8559
9537
9172
8182
69
3244
7449
7088
496
1292
3526
9562
119
6795
1595
1988
3189
7036
5197
7579
8094
4723
4198
2045
6575
3478
3116
3517
6382
7162
1480
6386
4019
379
5130
4081
7589
6517
1786
4596
2907
5696
6631
8006
2707
8708
4110
1674
6759
4872
8463
6101
2614
7794
4651
2440
9603
2202
6017
6068
5158
9699
5167
9985
5815
9104
5359
3287
7884
9961
3642
4036
5894
3733
2541
1647
6923
1544
7777
728
243
6892
8817
7198
3851
1509
3414
6856
2563
9933
531
7539
4211
816
8767
7270
8078
8235
4118
9943
5801
3965
7042
307
2231
3380
7863
2836
3695
7779
8203
4557
7767
357
1481
3662
5436
2358
4301
1683
9622
4982
1494
6294
3061
3062
9475
6175
351
4736
3752
3935
7166
616
8225
8368
9536
947
6742
421
4350
3652
4789
3767
6391
7131
3222
4170
3094
8821
2939
5173
2545
5550
1660
6310
4191
5191
4939
6896
9834
690
2256
8038
1829
9316
239
6452
2154
7979
6903
7452
270
5862
6415
7658
4119
4830
6747
8455
7792
2728
581
5314
328
875
4798
8604
8388
6477
3590
7918
7383
4002
1245
952
6712
1289
5559
2806
2832
2173
9738
8751
7465
4702
2156
1357
8029
2949
8794
3900
6728
6416
4535
6928
232
4342
8284
5714
8212
5716
111
9228
8438
1780
5719
3982
2197
5489
395
7020
3736
3765
2548
6122
8759
5902
6852
8066
3843
1647
9728
1136
6755
4993
6489
6873
5014
80
8081
1536
4156
2335
4943
972
6560
4323
3754
1702
6339
7069
2658
419
1179
1706
2348
4340
8708
5089
5598
586
6960
3608
9675
2869
871
7484
1388
2262
6369
6077
5688
1457
6862
7227
4611
263
6630
7243
546
8904
8574
9750
5787
7130
4429
2934
4104
3527
4822
7135
6687
9884
6157
4098
4212
2708
9617
2597
205
161
8358
2732
7371
737
8731
7903
8858
8158
7534
4449
7910
220
355
9898
626
9895
4003
3007
3773
3645
247
1835
8237
6306
7588
68
7046
7237
1764
2250
9773
3787
5792
3592
2654
9605
1792
6345
8911
5085
6279
3026
3603
35
5086
7826
6680
7208
2649
2552
1705
7010
7384
2711
4473
1977
947
6182
9965
8241
8880
6717
4232
6663
6478
8340
6863
7313
69
8626
7024
7146
685
5458
7077
5467
4563
2952
3753
2752
8209
3609
4317
8318
6673
4324
8743
8505
8289
247
2687
2579
7082
1816
6665
8867
8876
8376
4749
5265
5606
1647
2600
6457
2998
7698
8553
2356
2641
2996
2333
394
5859
5737
4700
1719
9841
3415
46
2714
3831
5953
7695
1063
692
8249
9992
713
1986
2736
6362
5227
695
4714
3773
4459
677
9812
7254
3453
7936
657
1646
3497
4771
5837
5693
5694
8325
4620
2656
8719
3206
1553
3215
7915
6109
9411
8951
3172
4700
4511
2781
5961
5312
450
1476
1812
5883
2302
2571
3135
3803
7705
6810
9286
9127
7334
3951
5218
9353
3511
2065
572
999
6396
1053
7741
256
2858
1600
14
9292
1571
6620
1087
5443
9656
9123
9938
2541
5850
9485
7034
430
9191
8759
388
8285
3437
4264
632
4530
6160
5020
7028
7211
5461
6353
7844
8382
4303
8423
7806
3431
675
708
728
4523
2849
5502
4238
6658
3608
8592
3273
8332
1614
8090
8005
9669
390
9461
314
4253
2793
8837
6788
1888
1171
9301
9744
6676
5608
8448
7806
9240
5806
1405
4195
9605
4456
3320
559
3271
5446
5419
7938
1684
8216
3537
3868
5492
7304
1841
6708
943
7500
6363
4585
4446
8172
7693
9261
6393
7135
9034
4854
7120
9429
8090
382
5053
5038
1700
5000
2609
4511
268
6734
6502
9536
7233
9823
9397
9137
291
5008
9106
8826
4051
6909
270
567
2247
8453
4091
1321
5662
6974
7472
1216
3814
856
8273
2134
6063
849
9477
4005
2910
4394
8767
7961
8488
555
6640
1085
5493
1623
4530
7138
494
9586
2952
8946
9345
1130
4759
3853
4698
1198
8715
792
639
3191
6698
6906
7560
3926
2215
5543
407
9156
4946
9986
8735
7476
6436
5174
3116
9595
6841
4963
8795
2622
3312
66
8380
4524
574
860
7740
5650
2872
5224
3953
8391
7660
4584
142
2830
7926
9512
7821
4508
8152
6907
4578
7921
261
7916
3771
2663
1033
9748
8698
1775
3775
7809
7992
4190
848
6875
9606
7354
5960
2932
1241
1248
1969
4243
6006
1283
3269
2529
9289
164
4164
9904
3576
1957
4217
6732
557
7248
6191
4555
413
4175
8052
1989
7249
5136
2095
8520
1824
3482
2717
3241
2477
6135
1883
9465
7534
4089
3471
2442
2890
6619
2937
4351
1578
4990
6131
4103
2258
9923
3155
7587
5851
8626
6348
1437
2715
539
4668
4721
5215
8491
5989
3522
5550
5796
7154
2677
725
9679
2279
7039
1481
2585
4566
7188
918
3578
3067
7413
4186
2536
9023
3251
8374
8467
2587
436
9491
636
2480
3164
1090
4615
281
8267
9768
4
385
7924
9321
2485
1991
9112
8661
7257
3525
1910
774
1168
4497
8513
9706
6304
9629
682
3179
1155
5949
2358
6438
8487
6768
5659
2488
7815
428
9099
4097
5288
7111
5482
8800
6090
7881
3691
1063
7230
9978
2235
4531
1560
2796
3801
5262
6996
6216
2172
6483
1448
4284
9492
6883
2773
9861
6117
3643
4627
4225
6108
786
1638
3351
4782
8172
2395
1130
9247
2802
275
3363
3174
572
1486
8584
8449
9535
5822
260
3216
4469
3427
7863
6989
6568
2377
4340
1088
2556
1412
7099
8782
17
1075
1803
1855
2636
9364
5937
5809
4498
1253
2150
9755
9824
5523
4515
5322
2942
6180
5117
4605
2387
5450
9726
4471
1366
2950
4425
8388
5557
2385
1609
2785
304
5282
8513
9699
6166
755
367
3805
175
527
1870
5910
6026
4537
6009
1447
3183
6046
9528
9657
1636
4320
7722
2736
8926
5271
3789
6071
8654
2358
9306
9934
3572
7307
9061
4615
7006
5066
8791
267
9085
2925
756
8257
472
5215
1589
7094
4132
23
8673
6752
2121
8539
8552
9825
761
5597
3108
6706
4215
4981
4520
5308
1299
5056
4359
4945
9975
867
4905
3358
7548
9397
4291
502
6465
8302
3535
4794
2315
7216
9248
4608
5047
6710
3539
1605
4960
9245
2369
1999
6485
1445
4007
4253
7561
7301
4834
6267
2154
9264
9120
5290
6875
8711
1861
6463
2241
8339
5712
8618
3372
2105
2158
7607
5591
5338
1130
6064
1318
6762
4524
8322
5767
7599
9726
2701
7339
4059
9674
5709
5214
3773
6569
3018
4412
745
5809
5982
7593
9295
8738
5024
5921
3104
8741
2408
6725
8551
2748
7454
7016
9668
6765
1754
9046
8054
4136
8181
4250
8528
2093
3177
8370
9127
2730
1238
4844
5220
1564
9079
8683
9656
6279
9556
2887
6423
8341
3596
5262
7177
2114
6380
8811
2536
8577
5427
9571
9563
9079
6257
9027
6379
2692
540
2360
7609
3903
1667
8650
9274
1708
2509
3273
4290
2965
5039
3128
1208
8945
9425
8144
3271
7269
5987
3320
1868
4038
303
770
2920
9329
7006
2983
8282
5513
9699
4762
633
1733
492
257
5117
5019
7348
708
1709
8145
2223
2093
4024
5146
8909
3991
3566
9657
2241
3567
8206
3933
7192
9843
2830
9990
4413
6832
2304
1729
6183
652
904
1193
6050
9610
9117
3553
7194
8386
4565
4025
366
7976
6638
2082
1663
3214
4756
1822
3685
5619
106
4623
7663
2078
3932
2937
9396
602
3018
7502
2986
5602
7078
380
1315
6738
1208
7691
8107
5480
7684
1879
2598
4997
6217
9730
7713
2289
6592
5286
1540
3168
6408
5671
4012
7230
2816
8592
4579
8439
9894
668
7359
3539
4436
7958
8727
1271
8043
164
9493
4325
6031
1667
8788
6372
2842
4657
5282
6773
4042
1939
5511
8269
8204
9303
866
6809
2124
3118
6009
4199
3278
4077
5337
7986
6739
32
3179
8541
7130
6177
5528
115
9988
1480
2068
9655
5371
3565
7942
6928
8511
2079
5494
9097
8086
4358
6908
9371
5797
8577
9379
4302
7104
5598
3823
6988
4449
1796
8741
74
2696
833
5833
2120
6007
6784
1970
3115
2368
1843
9589
6441
8259
7085
1905
888
2352
6407
7748
5521
162
6125
4766
3084
9424
3886
3351
8402
1838
9921
3529
927
9174
2633
8972
2925
213
2879
3874
879
9480
4411
3565
1238
6655
2600
894
6271
2681
1565
6392
921
6596
7928
7844
6499
1945
9914
2455
8240
9756
6254
908
3250
9691
6173
1218
8385
2889
2733
8558
2987
6398
8790
9567
7211
5228
4570
89
8542
444
4995
1821
2680
9554
9512
3938
7632
3992
5541
7531
9585
5196
2340
4729
2355
6351
483
9930
3302
8359
9999
293
2559
1039
8804
3816
3641
1565
6098
7462
3533
5252
1671
1428
6673
6618
9879
3717
9305
9670
4330
3963
6817
595
541
4361
7424
155
9205
7876
4387
5830
5953
7895
7340
7740
2214
1148
8201
105
5911
9067
1510
6691
65
2751
7257
5946
9348
3383
8571
1107
4559
3191
8448
8442
9425
5799
5483
5050
6029
6596
5831
5656
8759
5688
8035
3645
3150
4346
4288
9633
579
3671
6531
4979
7552
2707
4248
2952
6296
9919
3579
5439
6658
5291
3894
1412
6931
1775
4630
8818
7749
4642
9761
8886
9394
5174
692
1446
4561
9981
7658
1601
4832
3183
4599
8933
3302
5646
9676
7361
7833
295
5894
137
3050
5181
4312
4469
7329
5755
4823
4138
9438
2468
7556
1897
9602
4290
6545
7448
9560
9181
6835
5578
146
8695
324
5849
4594
2847
5263
6399
4146
6976
1131
4680
4573
7760
1390
1716
3215
81
4996
7362
7872
6432
4743
8254
5611
1609
4065
402
6475
6652
9347
4213
6858
6186
3181
3823
6888
4108
872
5012
675
7299
9969
8269
702
1986
7174
5042
7501
1989
6387
2054
3716
1191
217
7063
8210
7986
8139
3887
8341
8873
2662
3384
8702
4975
5466
9154
1150
5984
6510
7940
2871
4911
2411
5756
3357
5840
4511
9884
7212
1861
1397
8414
2304
5461
6252
8292
7762
8617
2051
1324
9523
9097
3747
2303
2792
6970
1001
7012
6961
8728
9402
5377
3670
5301
5153
4256
906
7365
6347
6929
5298
671
7764
5875
9417
5186
5805
4628
5538
8908
2135
8318
8175
2534
62
8232
8883
2823
6567
9212
852
5987
4922
4752
6665
1168
2770
1352
2502
7235
7124
6890
9515
2954
5131
4613
987
590
8541
4413
3188
7465
1365
1202
735
6673
6440
1632
9880
4807
5844
8946
3199
6108
8512
1894
7208
4096
3065
7686
7361
8927
7659
9510
4651
7851
5329
8451
8791
8679
9945
3189
2255
7614
3076
8585
1988
3868
867
2742
1385
9850
6946
6926
105
7880
6636
3675
7904
6061
6793
6783
5917
8359
843
933
9928
5143
8627
9443
7968
952
2747
527
7792
2242
4101
6422
787
5803
1867
5509
3667
6759
1866
2633
6899
7659
5317
8912
3773
9720
2319
1348
7199
1664
2231
9933
5555
7391
8502
4380
4865
597
5400
4572
7925
7332
2449
5392
8753
3019
9758
9525
151
9537
3201
2820
2502
8457
8842
7476
4530
25
2599
4717
6494
9748
5357
9062
7189
5159
2092
646
4629
5712
7983
8419
7184
7758
8279
103
4506
4025
7852
5440
9501
3249
2676
7328
4962
3877
9634
5590
2035
5252
5478
4358
3774
7123
3026
6049
5141
7227
889
766
9125
526
5781
7820
8668
7657
3407
8547
4939
5070
2666
6814
1313
9185
8134
7447
6831
4227
3131
3528
1446
3304
4895
8360
3017
1525
4774
5877
1743
4405
3279
4306
5535
1140
4403
4119
769
626
5740
6264
2171
8574
2868
8096
2363
7970
3764
3153
5341
7212
8246
894
4987
1247
3015
2799
2380
5698
2
2214
5565
4053
6169
1477
5237
9535
8095
3747
864
8290
1132
5841
5785
4042
9844
9128
5285
4137
4911
7758
1759
4340
8966
2962
9249
1611
9689
3773
4958
6124
1055
4381
3375
6601
4855
3682
793
8009
3558
2554
1495
1113
9591
7834
7316
9070
7100
324
671
8257
1948
9045
8640
5518
8548
8886
4091
86
1593
865
9753
7284
6585
9104
97
5145
8784
5516
7237
8052
1788
573
9196
7432
7565
6721
6109
2799
5038
3978
4080
506
5497
4004
4501
8972
2785
6803
9755
8940
5598
5036
961
6501
3276
2331
5083
6977
4898
6676
6163
8319
8761
9874
5983
1062
4006
4858
7869
7451
7371
1432
3077
1885
8882
8630
2728
2409
7109
1911
4203
2234
3817
9289
1644
7259
5475
5579
992
3024
264
9076
8605
9327
2626
3268
4131
1834
7675
3297
1144
9404
748
3628
7149
6884
7545
6505
3325
9899
5892
8983
2621
5895
8707
730
3384
1922
9023
2491
632
5069
5929
6685
8988
2633
7898
1096
1766
1060
1975
8032
383
2894
2739
9984
9827
6597
7245
3805
8912
6982
2477
7599
530
5298
8470
4894
5011
5473
3579
3299
1210
5459
9641
6407
8673
5907
6263
4424
9403
7350
3842
5142
8808
5522
3165
6002
3318
7479
6902
2308
5534
6158
9178
1206
721
645
3544
602
7352
558
5884
4625
5123
1258
3078
3072
9645
3135
785
6947
1154
2566
4158
7444
4841
707
7671
6266
3480
3455
2123
3411
5889
1282
4294
3005
6362
2014
873
2529
665
4385
7486
220
1039
7538
1917
638
5872
1331
9690
2928
7240
5960
1183
310
6252
6088
115
8629
7054
239
8560
3481
4079
1989
800
1255
4958
9939
5388
9041
6496
1124
886
3228
5201
1643
7112
9503
3999
5495
2266
6817
3476
2476
6672
2280
1900
7912
1651
566
837
9166
6056
5200
3823
9184
6527
8286
5453
1200
134
8253
977
6293
5340
9645
4888
7834
2743
5554
4441
6779
1612
1622
8296
4616
8782
8661
4587
8118
8263
2665
949
315
9338
1937
1271
121
5594
4945
989
1236
5079
7866
9934
9004
660
2194
9701
6399
1855
9564
3479
135
7877
7735
8874
4165
2708
4306
8019
1299
8443
8525
9117
1236
6681
7280
3002
8097
9674
282
2920
3324
4882
7757
4878
6810
8908
1443
5811
7489
6510
3849
7176
1023
6027
2157
7010
7577
6935
6790
7718
9652
5092
7220
3587
6558
9649
7634
9614
1544
9631
6178
6819
4459
4051
2545
998
2472
5547
1813
9927
8619
2296
9249
887
39
2287
2040
4367
5422
2805
2507
184
9434
6702
8869
8058
2107
4305
4751
8726
1223
1741
8376
9614
5426
9796
2212
8524
7745
8606
2123
4172
8820
8736
4594
7483
7861
9926
442
5581
4743
3916
7909
780
8180
4760
4129
5267
7837
9212
7594
7951
483
3453
8685
3788
6477
2463
6967
688
2338
9770
6656
1689
9656
1344
4540
5188
1973
199
3267
183
6972
7984
4764
120
1532
6322
3887
2353
1783
4869
2437
1753
5556
7437
9269
5011
43
8823
7208
8851
8619
3877
2473
8381
4141
2904
698
8471
3548
1782
9169
688
9463
6840
4946
3061
4321
7128
9698
4335
9650
2139
1469
834
1665
2914
6788
3041
4738
1688
5410
842
7173
2471
6180
8239
8762
5431
369
9192
9397
6865
4773
2066
8001
4103
1206
1358
1678
5600
198
825
4467
8263
5517
593
2570
8228
5811
4984
9952
5682
4381
7411
5468
2431
1765
7457
5464
8060
7051
8833
8848
2829
5059
2466
7618
7411
5038
2857
8638
6453
1223
5679
5932
538
6004
1602
3674
1914
7564
8614
9774
1711
2472
3592
9502
752
2538
3410
4001
2176
4135
8949
4224
9499
9414
5087
5131
6949
2171
1784
4669
8786
6173
3957
9500
4292
6411
7777
6782
8621
3556
1337
4949
3552
4376
7206
3364
8616
3818
6601
7785
8143
2073
6220
3834
9568
1629
8095
6203
2780
8571
6312
3156
7322
3206
4172
2250
4712
927
518
7951
4396
836
1159
29
1580
2400
1554
3317
8625
7095
5488
5746
8668
6561
1112
7501
9603
1493
1427
8499
9219
7788
1259
8750
6290
6252
8326
8509
4458
2403
107
4163
7909
4809
6316
1185
5604
3869
112
972
1208
7319
8498
8376
4501
8042
3607
811
7347
4831
4553
7536
2177
9473
401
3633
595
7715
7240
6386
6830
6989
1668
6562
9677
2452
6440
5859
9591
1707
8328
4208
1958
3163
44
1819
2433
4662
2268
7978
5491
9648
7668
9989
8331
6753
7869
4247
8144
7328
1583
3617
8113
9144
8262
5186
8641
8479
5718
6937
3939
8793
1683
5016
6117
3132
7519
31
4473
1087
5799
4073
8690
7151
3373
4032
9918
3490
7238
5307
8393
6733
8693
8974
1299
4876
7359
7942
6441
1396
5362
6456
7434
5149
1574
9890
2429
3166
5941
9210
6702
9412
7254
858
5971
395
5643
138
8369
6276
949
2869
3608
4711
5198
9389
7084
9041
6090
1385
2852
903
295
5000
1563
7887
8880
4179
767
8900
2530
1446
7343
7004
7936
7620
3601
1512
5498
9727
5555
6428
5786
1930
7116
5287
9183
3797
2223
7987
1637
3026
2184
4880
3762
8361
7621
9522
4622
1754
8729
8544
3257
5279
5843
2112
9591
6898
9682
3970
2804
5112
6691
570
1474
2520
4894
9532
1195
9754
7563
5738
7199
9057
9959
528
9587
6193
6553
2145
6760
738
2590
8859
1206
3910
8774
5638
3933
8667
5832
8419
2665
6490
2416
1082
3432
4642
4710
2184
5606
3077
7759
5375
4293
9512
6276
7460
1258
5936
497
5930
4926
1526
4078
4756
4132
2781
7502
5222
710
8775
396
306
6372
6555
7426
2338
4569
357
7835
1568
7780
769
8994
2622
2119
2641
8444
3710
2823
3363
140
3823
419
3482
1311
4551
8631
5590
6792
5451
8868
1117
2162
787
2664
151
7998
451
54
1722
4545
6544
5064
7011
3152
1473
8815
1782
8254
4762
4650
3980
6498
4944
1084
4615
9841
6016
8517
5919
3885
847
6487
16
4728
8877
630
8812
3019
7348
1351
2087
4277
9735
8088
5511
7546
4873
5405
6409
4172
5993
6403
7670
5104
4155
5868
7818
6617
3053
8173
656
937
7952
1710
2603
4956
7411
4284
6222
609
5853
5165
5667
9211
653
6439
2924
1630
8148
8393
9170
4488
3958
6711
3376
4989
8737
1627
7526
4325
5506
4844
7753
6679
5575
6802
1554
7945
4748
6446
1178
3725
7894
8381
7045
1997
1464
3321
1047
746
9421
3445
3255
781
384
8767
8702
490
9841
8944
7229
8566
4335
7174
1680
9497
2545
6414
977
4597
3097
7747
5058
2747
8033
6408
38
2901
1097
1716
2889
4794
4240
1754
2541
6555
433
1042
423
477
8181
216
5472
2754
1670
66
7926
3129
1746
323
8912
6322
2991
1720
5472
8575
3169
7596
8895
3190
2128
9035
8632
1362
5637
4762
9118
3093
9563
5991
2235
9051
5228
866
5329
4212
9974
2136
3637
6515
9263
943
8565
582
8496
2463
2623
7013
4293
201
9505
1528
6375
7892
7965
8812
3067
1772
647
5222
7696
2980
718
4680
2833
9503
5685
6074
3414
8544
3804
7809
7674
1991
2817
784
9848
5992
8529
4328
7821
46
6355
429
8012
8535
1132
2866
4344
6430
7312
7214
9444
7571
1435
2849
4055
2474
2181
4951
2234
2267
276
4287
4248
3665
8015
5611
4922
6020
7424
3419
5012
1947
6777
3137
2703
2882
4009
7992
8249
4141
8172
3285
7702
1818
3020
3119
7283
6654
1478
3948
4307
1799
6221
7449
3789
9411
3324
2931
9623
4682
5206
8133
8159
6529
5362
5476
3781
8403
7574
7217
9986
4781
2492
3004
3630
2518
9193
5069
3732
8193
7402
7725
3859
2799
8756
7017
887
2483
6705
4580
1792
7299
4748
7885
8245
393
1694
3705
1829
3206
1441
1114
87
1420
9505
5909
2320
5410
1819
8702
6680
6156
1137
9443
8201
5662
2633
9959
7464
2595
3714
3457
4991
4061
5174
9904
2392
5354
9204
9395
8488
6457
6168
1275
1087
793
970
4079
9524
6663
3884
8012
8744
3298
4632
1219
5429
1465
256
2530
8411
8959
8762
6215
3925
5500
9857
5603
1876
5581
7901
4392
8319
1860
2135
2516
4819
896
994
5027
6865
9736
2973
4386
9718
9423
911
9638
5148
4115
1210
1988
8666
2660
7524
8838
8959
3768
9295
9564
1464
2284
3408
6209
4804
3197
3109
737
9778
5312
1438
7295
4814
2835
2187
5674
8866
8404
4625
6489
4466
79
8545
8485
8984
7268
8113
1665
6445
3051
9956
1745
5564
2150
5137
2782
4521
2494
5691
3480
9108
3661
3404
1106
1721
8283
7036
8289
5062
3568
9837
9016
1511
3729
2815
1684
7196
1130
1319
424
2651
5218
1387
8179
962
341
1171
6917
766
4475
9572
2246
7725
2774
8704
4640
779
6827
720
2382
4728
3754
5224
365
5611
5558
8970
8659
7479
7399
2064
8448
5421
5630
9005
8815
3196
7401
7338
5761
1538
7813
8806
3455
9061
8704
1136
168
7437
2290
1999
2831
8630
2734
2245
7865
8607
1963
8699
9924
4550
2861
1565
5588
9109
6986
5756
8322
2649
3164
8058
5921
5112
9861
9306
5698
7758
4514
3306
542
9120
3856
9188
5797
7790
3236
9918
2311
9727
2902
9610
9507
6645
6555
2957
8703
7345
4038
9504
3402
5538
5974
5600
2676
449
5647
4271
6990
2987
8329
2474
2019
9199
7512
3172
7011
4628
8906
4222
7489
7546
791
6191
1276
3871
3958
2870
1709
3027
4925
4150
547
728
1504
8438
3990
9588
529
7138
4071
8499
1033
9677
7983
6140
4412
7780
5545
7749
9859
8521
2326
4455
6737
6837
79
7720
4569
7877
5077
333
9870
5352
3180
1995
1848
357
7178
4921
2740
2489
4011
6261
3690
4891
670
924
925
9380
7742
9675
6365
4966
4807
3424
3339
9613
2461
2325
4595
2351
6365
4712
9109
4280
1988
3545
6612
9472
3549
4559
3817
8630
3695
9652
133
9086
5906
7650
5044
2420
6937
2094
2605
5865
1336
5491
6038
8265
3418
9661
7466
5051
3381
5601
6093
160
2092
8508
713
7744
5723
9388
7989
1132
9509
241
732
472
771
5889
3837
8144
9768
3104
7358
8555
7349
4001
4784
2741
9070
5405
109
9018
5600
6660
6936
6373
6358
7410
2090
38
6955
2419
2017
8561
1032
5301
6664
1740
3997
2065
1332
7233
5854
364
3733
8262
4038
8094
7897
2096
2911
4979
9195
9764
516
8266
296
9751
2255
7390
5111
4429
1504
8287
116
2990
3507
2253
8946
3208
8318
5268
6761
5436
8729
2795
740
5075
9135
2667
4393
1625
5878
4926
9211
7582
7118
5938
7199
5759
8837
7001
2505
5842
8042
1989
566
7637
6723
7640
7727
1141
1473
9277
1120
6940
6636
3980
2276
4548
1345
4475
4363
578
8585
1126
8241
3495
8445
6083
3132
8578
685
5764
7701
8846
2296
1171
3180
6004
4171
8987
611
3714
6702
5939
2461
981
322
542
5135
5061
1211
9150
9191
2475
8194
5363
724
7156
6224
7126
4385
6134
6831
1614
3586
9797
9339
5376
7606
8623
9338
8129
1872
6608
573
8910
7210
3697
8311
646
1152
315
2820
9631
2065
6399
8534
9021
6024
8716
9906
5590
5256
9502
9754
847
5873
3041
3978
7934
9019
652
9626
2643
8091
1915
7968
4520
9700
5164
468
6243
6186
4245
916
8046
6912
232
4727
5420
3269
1568
7200
8330
8468
6838
391
162
33
7527
1030
244
2225
8246
9898
5965
2468
4972
5397
9543
7113
1771
8019
5122
4383
8960
453
2855
3745
4333
3934
9669
9023
5876
1984
6923
5736
1394
4078
909
1882
3382
2288
9817
1542
3752
6165
5692
4813
637
3984
2182
4492
8042
9359
8229
7077
1772
4429
5698
8575
6788
1925
1525
6997
6881
4649
2562
7108
1144
694
8599
1658
3818
6222
1881
6212
1691
4886
5076
6124
4202
2277
8581
5805
4432
8906
510
4743
716
6163
3793
4757
7115
4422
7953
6065
5396
8806
7584
653
8702
599
1098
6510
6336
3040
3377
1126
2471
4984
8820
8937
3014
4499
1814
4118
3128
4290
2208
4219
5614
2336
4930
3185
5290
5905
9992
2608
3037
2595
7450
4133
9811
9751
7188
4128
6525
7684
1873
202
473
969
9692
1865
3339
1490
5926
4860
9982
6069
7823
6498
8039
2408
6346
7902
3799
5426
4310
2961
2843
6968
640
3360
8544
991
1523
4835
9484
2672
8112
8767
3425
4642
3182
190
4088
3126
4987
3088
8778
2862
6211
7670
1485
1609
6313
2769
8218
3028
8014
4494
9186
6332
8870
9417
8653
4326
3550
7541
6731
453
4884
831
6657
9837
8070
1250
1419
5888
3272
9349
9437
7180
9792
6638
7356
5098
8781
3160
3862
2207
35
2475
4808
7360
7015
612
5578
5112
9110
8580
1279
8882
9770
208
3359
3308
2752
206
2868
2253
9229
9526
3346
4554
5704
1537
9660
4691
6207
4119
4895
5568
8205
7202
3109
2478
2952
3423
5454
1415
1469
2322
1253
5392
162
7997
7408
4378
8832
87
5282
4094
7111
778
8851
7811
692
6012
3940
5228
1080
3292
4998
7146
3959
9191
1734
3101
1202
9799
7246
9150
699
7089
7621
1790
9258
5963
3300
36
8764
8948
5391
952
5496
9318
5550
5735
5195
3430
1953
5871
4544
5527
6358
6990
2842
8560
2448
9853
6864
2731
5700
9974
9719
3421
9582
671
77
1792
9764
6754
1165
8601
6597
4677
8053
9774
8621
25
6918
976
7963
3964
1257
28
2181
2588
3406
5154
6001
7789
704
1812
4679
9062
6414
8578
5053
5023
1330
1828
4558
4435
4873
7553
2269
3644
6228
1693
6331
1052
7515
4835
7466
4898
3233
2926
674
5770
1715
7000
4627
3522
4432
169
9696
5539
1815
8074
6246
6399
5482
8445
5641
1795
6757
445
9655
4050
888
3725
3783
5587
1273
6115
8536
2227
8164
1195
7668
4293
1563
9072
8779
6257
27
6164
7136
8778
434
4218
8002
1597
4845
9966
2449
4566
764
1214
6702
4101
5792
3987
5888
157
951
2975
6159
4392
6641
4572
1543
3370
7784
1941
5845
4931
6508
8990
3665
1403
7262
8855
3256
1704
1039
2065
6275
4872
3411
6195
5228
70
8561
8888
4511
6838
5785
8668
4293
2823
5564
6617
6192
5976
9954
9581
734
9902
6251
2034
2204
8126
9701
1746
6956
2235
683
1669
6094
5920
1050
6607
8369
3046
4748
2715
7231
4009
8821
2117
9932
3544
6441
714
1418
2693
770
859
940
6299
4155
3612
398
4360
5166
3909
4981
805
1745
204
1148
2691
4989
7059
5664
1165
6084
145
6028
2752
630
6245
6324
9815
1995
6350
4775
129
5441
3538
8838
1398
2271
4621
184
5316
3953
5195
92
9151
2372
5729
2109
8996
6162
3429
6729
8256
5253
7404
1940
8779
7133
8883
2592
7834
8383
3801
3007
457
5495
9958
5855
7731
287
1289
242
3539
175
4631
3177
7334
6940
3870
5954
4897
7894
9149
3813
9882
2867
1253
5979
6059
6129
7570
2649
4272
1849
1412
3962
1789
3554
7683
5254
7746
9147
4827
8827
7276
546
1031
6269
594
4053
3961
5140
3742
4889
5295
2143
5342
8226
7989
5394
3216
2181
3953
1182
1696
4992
7942
4489
6123
7517
3974
1138
7179
9916
6753
3063
85
2245
9647
4168
5464
4620
3840
9478
804
1013
9949
933
4212
2387
7952
4621
2838
5658
2741
6245
7239
8226
5741
9731
3775
4008
66
9547
8059
2363
9981
3197
3627
4109
4957
4979
1861
3046
2691
8454
516
9714
7548
3607
2621
5369
8882
5846
4990
7966
2373
5292
9529
952
5646
1578
1404
9540
3839
3314
9632
3200
5559
5329
7259
6608
5307
9838
2876
235
307
5185
7228
6808
3944
2262
8463
1482
5101
4602
2612
8079
9478
6671
2945
3921
400
297
8535
8843
6390
4377
6625
5457
3314
4395
4537
9607
2692
688
350
4249
7968
8451
4920
4522
5351
5791
7995
8752
7086
7894
816
5923
6506
7665
3267
2072
6209
5928
8304
3889
6805
9065
6855
1093
3243
3218
2895
8607
5738
2246
2722
1027
6955
7048
6754
9033
6333
6175
6623
2642
1450
295
1605
6357
9195
9495
6478
1211
240
9962
558
7111
4202
9170
661
4808
7042
8188
3014
62
8610
2922
8255
6398
248
6657
4832
643
7339
6365
9678
5379
4208
7981
5844
7694
2851
4096
7512
4439
3352
5667
8778
9785
5881
7023
4667
598
3424
3296
6962
1263
4781
6523
5249
5162
6758
484
8911
1057
5853
9699
9538
6405
9261
6474
1133
7514
1755
146
539
6577
3844
2926
4549
1832
1570
8089
6177
9025
8032
843
3771
3169
9746
5061
4288
7321
8834
7561
437
9779
5505
2324
3359
5197
7099
871
9693
7764
2836
8351
5996
9442
2757
7862
9987
1492
9333
2858
4618
5552
3359
596
8952
2607
1141
1776
5141
7685
8684
9272
3351
2672
1576
6052
254
8039
1388
9050
6617
3474
4742
8980
5729
527
3525
2803
8272
5669
2526
9252
2229
5660
7500
9825
2707
8727
4195
9382
9918
7146
3790
1912
3303
886
1029
7492
862
8895
6094
9278
3856
8444
693
9362
1508
3991
829
2852
3396
568
3557
5402
1528
4716
5132
8575
7073
5688
1708
3706
7796
3035
2213
1770
5162
6216
176
8857
2896
51
1892
1846
6070
944
9565
2013
9178
1650
2709
1824
5918
1541
8025
8288
6550
1402
781
2020
1040
2817
3392
8718
7160
8203
2873
8277
1471
7040
7747
2209
2532
5754
1933
4991
9872
1806
2356
6141
2451
7570
1578
5812
417
6635
6262
4029
4319
8858
8971
9708
2186
6573
396
6827
4797
5451
3564
2275
5830
1440
1221
3037
3626
8697
1781
9552
2018
2058
8410
3231
8274
5613
4810
9662
826
3107
6275
5498
2871
9626
5606
1851
273
1464
526
439
3515
4498
2609
4709
5920
6969
8708
6679
2937
8856
2031
5201
3015
8726
4875
9215
3552
9741
2113
6448
5354
3237
6448
7996
2653
2484
3190
320
8681
2739
7408
5804
6159
4870
633
5991
5235
11
6337
4558
7765
4031
8128
7450
6988
1702
6234
5636
2569
833
2886
1136
2361
4906
7427
8669
8539
1173
9264
8776
5916
5735
4912
1638
48
5914
3174
4422
5986
8287
8888
2851
1182
8833
1628
5208
4671
5390
6383
9539
2639
8345
325
2561
8489
4436
4104
8
6469
3288
7450
24
9488
3550
5530
8171
1154
5049
7186
8895
8611
7857
6547
7076
844
3798
721
170
3361
8728
5371
2296
4663
9803
9039
3822
9332
3569
5955
3587
5378
5040
4930
5400
8016
9002
4465
4494
1466
8852
1885
5841
2265
2525
5121
4852
3782
6623
9746
6782
2383
5709
6234
5549
635
5827
8628
460
9506
3257
7523
774
668
3961
9187
4169
70
1508
5971
9249
3301
2075
8861
3938
8463
8721
8749
7384
132
9033
3529
4464
4890
6476
4801
9007
9908
5552
5199
2246
6894
3523
7129
7800
630
2548
737
5638
6436
9898
6329
2044
6551
5626
2743
8968
8420
4823
58
9290
8059
1085
7230
3389
9396
3564
3061
7858
2751
3581
6253
8186
4920
7248
8043
7469
1124
7417
6427
919
3591
1835
817
1950
4267
7995
2410
2357
3094
880
8592
7495
3674
9889
4473
4851
1522
6326
3325
9402
733
6195
1623
3829
4620
5562
2851
1800
9309
5356
6783
942
6222
2537
3673
7155
9045
4420
9922
8467
8262
3685
348
3424
249
1592
630
1275
3029
2972
2534
6965
3877
7001
7791
978
6335
9726
4899
9057
7067
5016
622
2101
5683
6544
5578
4336
5450
7109
7597
8082
5845
7113
5605
5238
484
7238
7166
288
7683
7690
2703
4696
1261
5993
9410
820
5320
4706
8746
3161
8134
4766
6952
2665
8748
4236
7753
2032
1914
8366
2030
9234
3679
4802
1716
1005
7054
6684
4404
6349
4475
4957
1799
6108
8305
4670
127
9875
4376
6249
9779
5030
8533
8781
1385
7290
7664
9420
7503
4923
8326
300
6290
6585
2554
1872
2652
4155
3217
6101
5592
8763
9673
6334
7491
9905
5027
5620
3935
7834
3484
3031
2000
9056
8187
8268
6369
9795
3888
3477
6199
8508
4320
8558
5131
9261
7013
8758
2877
7399
1822
6119
538
9311
6118
6774
7020
8951
2968
3714
8069
3967
3903
9157
4528
6307
3887
5836
3471
5209
2718
6235
3409
3062
7222
9877
3678
5579
9766
4756
2699
7717
4201
7251
2324
4163
5441
6067
220
5603
484
768
3895
7728
5937
4147
7006
9651
614
221
2304
2110
8464
2704
2703
9363
7837
399
2876
5998
5009
624
3624
416
6305
896
1947
8098
6338
7580
2170
4471
3364
248
2924
4643
3223
6784
94
6917
1098
1237
56
7059
7680
1385
3329
888
6034
2884
2488
4366
1220
699
9785
7516
7566
7237
6972
4106
852
6475
6579
7171
5052
3339
198
875
5427
2991
9323
8696
4829
5906
9635
6019
3500
7177
8456
900
4597
8438
7610
3769
3059
4537
960
2381
3236
8409
9073
675
4498
7486
3050
9848
600
1266
1747
3643
4861
1288
2580
5485
9764
5157
1036
2541
4
9433
7122
2014
6727
8543
4854
2312
8469
1223
1086
8188
6998
8444
7068
9332
8042
4480
6283
6808
4064
9898
5230
8113
429
9588
7790
2858
3808
9628
6836
5248
4559
3762
4546
6222
6165
1676
5906
2374
1739
8271
3642
9145
5328
719
3470
9148
944
1018
4841
9092
6735
7156
1708
4418
8940
992
4279
4849
1659
9989
6797
593
7118
2663
972
8963
7772
3175
4545
6851
4922
5710
8872
1260
2449
7007
5087
1337
4236
2457
1419
1414
5673
9718
6129
5878
898
5979
6824
1648
3919
2706
3096
3502
3842
4341
2246
2537
2911
9938
8686
3434
1248
4008
206
5223
2063
4663
7458
2182
860
1134
4369
7110
6645
2042
3995
7549
1005
6545
2075
4028
29
689
2970
8665
9195
8910
3557
146
1826
3947
7039
7895
3301
3663
9699
1789
8586
5635
6773
4642
2383
6916
7626
4045
7876
6714
4146
9204
5162
6746
5552
5975
2519
1460
3487
3361
8460
4900
9309
3942
2161
3294
2159
4510
9355
2731
9289
7334
6302
8248
5349
6406
6458
6373
4507
6757
2276

