2
4
38
22
22
3
42
14
48
1
43
38
33
37
16
17
42
10
38
12
26
13
40
17
31
10
34
1
46
11
44
50
17
44
17
11
20
48
34
15
32
37
14
36
11
19
47
16
33
40
3
41
2
47
38
48
25
16
20
38
29
50
3
50
13
18
31
17
32
45
11
25
13
9
34
33
7
36
12
4
34
41
18
44
48
33
28
46
35
31
37
45
42
41
13
50
43
16
44
45
42
42
14
10
3
34
39
30
25
6
48
44
37
13
48
29
6
4
26
39
42
21
23
13
4
27
1
18
19
35
46
49
31
6
4
35
48
27
49
36
25
13
9
20
20
22
4
30
13
50
26
19
35
18
27
15
18
7
33
13
30
6
41
12
30
39
21
7
23
39
1
29
10
25
35
38
11
50
41
34
15
38
3
14
15
27
17
8
29
22
8
35
49
48
44
49
19
38
34
28
32
16
45
45
24
16
14
32
28
30
18
31
34
2
39
39
25
23
37
3
42
34
49
25
29
1
5
39
50
34
40
5
18
37
28
40
8
19
41
13
35
50
9
12
1
13
34
25
10
48
28
13
15
19
5
19
38
16
30
39
9
31
35
14
25
36
47
5
46
5
25
7
40
45
38
33
5
10
9
34
11
23
2
12
18
49
48
11
38
8
22
5
17
6
17
50
9
38
31
21
10
37
22
26
3
9
43
23
6
22
36
49
4
45
31
2
42
26
15
22
48
49
24
44
5
48
14
45
50
33
33
43
22
8
22
9
10
4
42
40
33
25
10
25
40
15
31
7
29
34
30
10
23
25
29
20
24
42
35
21
7
40
37
43
45
17
25
24
45
10
50
1
26
26
46
31
2
29
9
14
39
40
28
22
40
8
16
37
37
35
10
39
24
13
14
1
50
11
41
40
34
35
4
31
4
27
35
33
4
44
36
40
26
18
15
49
1
33
36
28
50
27
4
30
47
14
2
7
4
50
6
29
44
16
17
20
20
42
38
16
47
30
19
1
42
7
10
16
42
15
14
3
17
26
42
6
6
29
3
49
18
25
33
4
6
42
23
35
25
48
50
48
8
50
5
35
38
50
29
20
12
43
29
36
18
23
31
18
3
38
12
3
4
14
12
31
37
34
30
50
15
17
45
7
44
19
37
44
13
43
22
40
28
23
18
37
45
14
7
11
2
4
9
44
4
47
21
23
14
42
35
27
40
47
44
47
45
23
1
17
27
24
20
31
13
43
1
22
3
40
31
4
39
15
2
4
14
50
23
18
7
17
32
9
17
21
14
24
26
44
19
23
31
32
39
45
29
5
39
40
19
6
10
19
49
22
50
24
4
13
12
49
22
35
30
28
24
3
13
26
40
42
44
28
29
26
7
3
8
24
8
28
43
35
37
37
41
4
1
14
5
22
43
21
24
41
5
20
26
44
10
6
30
5
3
43
6
44
46
11
21
21
1
42
14
45
24
34
48
26
41
33
4
25
30
2
14
28
41
50
22
6
18
33
30
49
13
5
43
35
14
1
38
47
50
6
24
24
40
15
16
14
40
20
29
3
17
18
29
26
27
13
34
15
49
29
33
21
25
31
39
10
38
23
46
12
6
23
40
28
8
12
44
11
48
5
45
39
24
17
9
19
23
13
50
47
23
10
14
39
1
26
42
19
29
6
2
3
22
12
43
8
23
34
37
26
16
28
23
42
28
48
35
30
21
7
15
35
7
18
36
5
36
23
4
22
10
15
34
12
43
30
5
8
25
8
14
25
34
13
44
43
36
8
34
1
33
7
22
5
25
18
18
10
50
28
19
7
37
21
47
37
3
49
39
48
2
16
46
9
18
6
10
45
18
38
45
14
41
29
24
18
10
34
12
9
38
8
7
30
33
28
4
31
38
3
33
1
15
4
26
5
21
49
38
38
23
30
4
31
17
4
26
25
22
30
14
9
19
6
16
49
42
40
3
34
42
44
39
29
6
10
9
42
1
44
12
9
34
4
10
14
38
12
5
30
27
22
40
23
35
27
5
7
38
24
13
46
41
20
48
28
34
9
44
30
14
35
38
33
19
44
20
12
47
49
30
41
23
36
24
46
18
13
44
46
18
17
36
12
41
6
39
21
42
32
33
50
16
23
4
41
48
17
43
15
47
6
4
30
14
42
4
40
30
17
6
19
20
28
44
20
13
35
30
30
27
25
32
15
46
32
43
2
42
10
33
2
50
29
35
27
21
2
41
39
46
28
3
4
29
16
26
38
48
3
32
21
18
50