237
487
363
421
168
306
143
288
444
332
68
184
170
208
143
330
82
293
252
270
358
403
166
113
269
43
35
306
388
248
367
297
125
41
487
65
274
451
264
62
140
252
499
163
78
300
321
248
279
167
430
99
45
333
270
108
167
394
62
316
40
409
286
359
193
137
188
202
81
46
199
386
26
342
465
10
408
60
23
403
188
60
223
102
429
306
243
273
461
21
94
4
301
340
212
142
335
360
311
354
405
114
426
402
279
141
411
378
456
460
314
408
104
398
286
233
340
350
424
432
323
413
494
440
54
360
79
269
431
220
5
320
207
499
268
52
169
48
308
252
128
331
223
132
99
477
8
242
290
238
31
280
470
256
146
185
466
442
365
274
271
431
423
43
464
288
159
224
120
275
168
315
245
79
206
158
296
316
142
169
500
87
398
1
280
26
494
113
493
165
26
473
380
105
163
353
476
456
173
273
134
299
339
493
80
128
135
451
422
408
409
197
439
285
21
492
447
352
82
35
35
487
273
259
35
451
174
455
135
356
294
96
104
162
66
280
372
33
365
355
84
487
344
37
330
346
327
394
34
319