4623
4169
670
3114
636
3694
1732
2433
4846
557
401
2733
318
1606
4498
2886
1696
4997
1691
437
649
3766
1479
554
2016
4282
2924
214
2057
2674
4630
1266
1753
4926
2694
1621
4895
3476
2194
334
641
2734
4998
2977
1245
3680
3816
160
2135
2474
4643
2437
3818
750
1935
619
4755
758
4909
1144
2582
768
4604
3799
4766
4326
3862
4476
3961
1732
4223
2712
2054
3868
2034
770
1552
885
4687
3972
4733
4029
1899
660
1789
1493
3096
2500
2607
3755
269
2554
2424
4230
916
4627
1869
4144
2913
4290
3533
4190
4226
1990
1035
1176
4359
2945
1896
900
1258
3525
2061
1320
1475
4614
1880
1222
3757
3576
2788
1623
1833
1011
2698
86
2213
2980
885
3437
4783
3572
397
2325
226
4886
2543
1220
968
2589
760
2613
995
1958
3440
315
2529
3039
2417
703
943
357
3569
486
1718
1047
944
3043
4278
1650
659
2657
4343
4218
465
82
4059
4291
440
281
2854
4874
1651
3930
1028
216
1979
4878
3193
4025
453
3032
1589
278
4791
2630
3467
3446
2324
3322
4588
4583
2789
1652
4015
884
2395
2806
3645
4442
3323
4029
3626
2111
3284
2660
782
4873
1868
4984
3404
723
2675
4
2549
1409
3141
238
4860
434
1250
318
3445
1887
1171
4966
4371
2822
1990
1958
2540
3386
358
3818
3386
3956
1789
482
3368
2477
881
2013
89
4617
753
4149
3843
2006
3343
576
1559
4264
4811
4437
4031
3519
3813
3510
1904
3641
1188
4178
1989
1540
1799
3551
2092
2505
4590
255
1364
1022
3806
1853
4742
3574
4814
4925
4515
1660
1949
1527
4742
2250
2681
2898
501
2874
219
4897
1543
3101
2393
4163
2264
4505
140
1134
3704
3589
2204
690
648
3047
4165
3681
2769
4477
86
2075
3032
4642
3785
1512
1155
1363
1752
2457
997
1648
4120
2484
529
1033
3918
3701
465
2356
4231
1057
128
900
1350
1524
2647
495
3886
1760
1482
1875
4056
3445
3295
2404
4113
98
2867
2205
1995
2288
2113
475
1783
554
3105
500
15
4913
4620
2025
3596
3767
1307
1034
2679
2748
2709
2973
2225
3041
3895
4297
659
267
609
1846
824
162
3461
4495
2859
4880
2991
3724
3578
1854
4482
4734
3363
2272
4459
4040
4865
3484
2540
2936
4532
728
2076
2919
890
2300
3001
530
1792
2231
3851
4444
4949
743
136
1590
4167
2486
1122
1223
4064
308
268
4318
1670
4185
86
4783
304
2314
1649
2978
3419
3466
1320
1739
2585
2122
22
1232
1963
3425
4052
2919
1614
2895
2071
865
3104
970
3787
3232
4651
170
2264
1282
1448
3620
4398
544
2016
2919
666
2497
327
876
2573
1290
4330
4746
3716
1720
1111
2658
2506
3630
3556
1802
3196
4792
414
606
2155
3409
203
4487
4908
1775
2018
1800
4934
639
1567
4107
735
266
4502
2431
2640
4983
1395
928
3148
367
4973
2653
358
3750
4596
3595
1286
3853
595
4048
2133
3310
4144
3608
1633
2119
1397
4115
1882
2493
1950
3375
4485
4545
4298
4100
4320
4523
4921
4330
4075
3562
1445
3921
184
3154
377
658
4814
1044
938
1684
2615
4198
2236
3252
1461
1224
3436
1213
1998
2613
3964
1011
3209
143
704
1887
1846
3145
3200
1009
4117
3231
1303
11
4311
3607
926
3087
4560
1281
29
4075
324
2876
4815
4267
2985
1685
1791
3612
1095
1864
4295
3115
3623
122
3403
3430
212
2867
3636
4531
927
3510
4329
1915
1048
3377
2313
4189
3619
665
419
2300
238
725
3524
3374
4152
2817
1424
3359
1727
4759
2985
4440
1114
1214
4123
2730
4041
1810
2993
4938
1479
98
4656
1755
1249
422
3037
1831
3350
4947
829
4761
2150
2809
4134
4576
3357
3277
860
1827
2123
1928
1018
1255
3151
3261
740
1092
4617
4360
3943
1896
4181
295
4149
1462
2881
4162
649
1337
1550
4358
4685
1530
3546
3904
1460
1647
2276
1622
4171
3160
3091
4996
4569
144
2185
2434
281
1758
1448
1339
1166
4089
2829
3416
603
178
3112
4869
2663
991
2605
2801
4111
728
1940
701
3241
214
587
2133
4291
4771
2276
1299
925
1609
904
361
1036
446
1107
2000
3448
4496
2901
2921
2328
828
2856
533
2427
4093
2829
3947
2260
2883
3058
542
815
1422
1987
1783
3618
3431
1723
445
1589
2945
3581
3291
3271
1896
1125
4749
3480
4865
4489
3354
4244
1015
485
1348
4039
1757
2234
1389
1440
282
1755
1050
383
767
2771
1458
1421
2436
2952
2131
3536
1069
811
3550
4958
3203
1065
3862
3083
3724
3419
3923
1953
2569
4315
4820
1195
1365
2588
511
2395
3236
896
1337
1632
4709
3787
345
2599
210
854
2550
2449
926
1684
2768
760
1711
4376
3223
2871
603
655
747
3693
2538
3287
887
4884
2422
3383
870
1553
3073
2980
244
3028
3206
3400
2252
454
3400
2544
2124
3585
3163
641
4434
1858
3247
2858
4056
270
2141
1243
1513
1029
4595
3577
3919
2290
2760
16
4779
1575
3926
4079
1334
351
2085
435
1251
1779
3436
1658
4659
4642
3228
1568
684
1298
195
4291
87
2002
4396
1216
192
3510
3620
1020
3191
2950
3328
2096
4877
1995
2558
2564
2969
3116
3385
1593
646
2900
1940
2296
4780
3275
3062
3729
887
1379
4423
4449
1064
2344
1973
2951
3878
4331
859
1390
4549
1774
3301
2358
4152
3478
3348
2269
3462
3156
4757
4606
4637
203
797
614
4006
1157
1104
3051
2087
2349
2507
2857
3031
824
1336
2050
4219
2924
2946
325
4196
3870
3687
1979
2061
4128
1730
324
522
3685
2471
3851
1201
332
598
3445
3265
834
4330
210
3035
2898
835
872
1295
3016
1705
530
4055
1312
4041
3533
1135
3705
3768
1606
503
2861
4088
2468
1696
1201
3636
1439
925
2865
3475
2115
2494
1530
4581
197
3193
286
1854
4198
1712
473
1238
2993
143
77
3203
1154
2751
4861
2748
41
1067
3510
3817
308
1384
1941
2605
4468
4084
2996
434
3522
1950
4257
2675
4208
4024
1234
4813
2336
1386
2074
4091
406
792
4802
3464
3529
1525
2741
2927
1908
3006
855
3938
2173
4943
2740
306
279
3538
136
48
4981
2966
87
3548
469
3251
1308
25
2533
4281
2135
3966
656
3386
3036
914
220
1013
2537
4756
1016
4128
118
41
855
2283
515
2375
84
3336
2595
626
986
4408
398
2859
3827
3739
593
3080
586
3044
4629
4203
3823
4606
4408
3121
38
4173
3520
2824
365
4736
2145
150
4655
4145
574
2014
2950
2806
4113
2504
1802
4499
4180
749
943
4406
1963
4535
146
3640
2926
2259
2897
561
2012
1388
1386
3106
4490
3450
2518
1336
2705
2668
3756
1101
4985
3928
3552
11
4927
935
2251
4241
4998
162
481
1046
4305
213
360
94
983
983
3179
2130
309
963
2961
1231
4936
638
605
3812
1125
3499
4369
3519
58
1198
1781
1827
4028
1117
2400
2412
3392
1838
3948
364
2440
4780
4548
86
2823
3515
2485
2198
1603
407
1513
4445
2584
4483
3354
4003
601
4591
4046
3148
2281
3673
395
429
1004
4941
2659
310
2059
1920
4280
1373
1601
4443
63
1768
3001
985
503
465
1548
3680
2445
2591
3014
2700
4254
3994
1409
317
1525
3482
2085
1815
3487
4615
577
1307
2370
3276
2000
3689
4760
1784
3509
4791
3870
1559
2756
3312
3238
850
18
1126
3931
3133
3077
3839
4360
4520
364
2719
1548
491
4680
4413
1888
1348
4148
2015
92
2775
2644
97
54
3221
3809
2192
1727
3695
3975
930
136
2749
134
3871
2300
2946
2286
2614
694
368
4900
978
4450
4998
4657
1631
515
908
340
3319
3709
3972
602
1074
1026
2135
1127
2439
707
3557
2642
794
4673
4547
3275
4294
1085
4973
161
2310
3289
2707
960
3918
3153
4238
1746
2425
2756
1704
2365
3682
610
1308
2348
1905
2733
476
4023
1321
2632
2511
3532
145
2141
3676
2004
923
1228
452
3099
1716
1037
3617
2330
622
4717
2161
1207
272
2791
3745
4272
2620
2071
740
4079
2573
1408
3699
52
4663
2699
3071
4399
3597
610
1293
676
4449
2912
128
1974
505
1997
4535
1219
1784
1649
967
1147
1987
4353
1392
1527
4474
4753
2765
325
3857
2995
2596
1223
27
3268
2170
989
4796
4930
4296
1154
1518
838
814
2918
4134
2258
626
1814
2173
2774
749
2420
4071
1957
1610
2001
490
3276
4274
1241
802
640
4671
2614
1896
566
261
990
3403
1794
2537
3837
955
2674
1067
4669
4148
684
1419
383
2250
3787
3039
1930
4753
1660
1543
1817
2577
1256
4976
2959
735
1305
3810
90
2312
2962
1971
4791
4984
3663
828
3368
367
4560
1773
1594
1242
371
454
3738
4625
1943
2457
1643
3352
1724
1657
191
4773
3276
125
3245
4883
964
1887
2100
1395
2510
2775
2416
209
2454
589
718
4216
3693
1691
2657
1237
333
2696
129
417
2893
3222
1433
3214
4285
74
3418
3433
4967
4446
2607
4102
1398
2192
1595
1910
4806
1014
4833
3744
1749
4537
1208
2856
768
2575
4856
4445
248
191
2800
3624
1787
3166
3177
1785
807
284
3066
2077
4991
189
2968
1151
652
3625
4558
2947
1998
3131
4014
455
3395
2384
346
1155
1978
3144
347
2643
4023
4388
3037
4475
1799
1126
2469
781
2433
3092
2666
4707
3910
2118
303
4428
1058
1432
108
1761
1307
2665
3138
4515
2955
2436
379
4804
3150
3115
1954
3005
4047
3398
2240
3295
3509
1993
1697
2961
832
4220
2337
3150
4595
4515
284
4162
3223
1528
4926
440
4604
577
4570
2787
4239
4348
4789
4532
202
1077
4670
474
4050
949
4846
174
3912
1503
2873
2303
3542
3573
3015
4258
134
1905
4040
4810
753
4408
4560
944
2135
2945
128
4353
2146
4839
3383
867
927
1383
1915
1656
2978
1325
3962
4881
1796
2468
3126
3201
1926
4014
4650
447
4008
1315
4223
2918
441
1723
2937
4612
2154
3800
3578
1734
778
2389
3004
2483
4243
2346
2125
1170
2732
1766
1170
3844
2129
3739
4108
1202
2127
777
4752
2127
1914
439
908
1119
2781
4422
3594
4944
4903
1657
1666
3672
650
1878
1626
1823
1560
2723
767
2893
1368
426
3149
4183
621
2471
2295
996
1439
2984
1854
2936
4316
2014
2367
4425
16
3435
324
3620
3380
1316
4204
3140
4412
1900
727
1426
2903
2866
4446
1709
1192
3361
1155
2376
1319
2151
2986
1509
4
3443
4778
1914
1651
3053
1475
3902
2032
3138
2507
610
2345
2990
1652
3078
2663
3627
4950
1733
4461
1699
4435
1529
2622
3780
1564
4987
4297
1647
4025
3129
1174
789
2315
2811
4075
2712
2215
2309
2833
4025
2915
611
2875
4951
1290
4619
1137
807
1220
4941
2990
2940
1487
4860
4683
785
1424
3017
3819
1998
2036
3252
3646
1903
1790
1229
811
812
1781
1482
4327
238
1217
2432
326
4794
4910
1905
4275
3733
555
4262
3502
3397
1048
3902
4272
2666
1344
4477
4978
1239
3720
4403
4323
2460
2014
4864
9
222
2042
2448
212
3419
4706
1774
3733
4824
455
420
4506
382
4967
3269
3416
3108
4325
2406
1637
1658
2994
1199
2230
4163
871
4112
1925
235
4633
3804
2294
3208
1462
4907
3758
870
1716
816
2468
580
4604
456
2933
3486
4593
4566
1827
49
901
1429
4351
4077
3647
820
1662
1173
737
2685
4241
4061
2472
4429
734
1317
2760
2475
2942
1074
2077
2840
239
3166
2758
3127
3435
3702
2420
1804
1058
1366
911
3625
3346
4320
40
4128
1087
3550
656
1320
989
653
2231
2868
3531
2260
4665
858
786
1594
405
1736
3608
1125
3943
3653
4801
3237
1922
4066
3188
2047
726
199
2607
1937
3199
3945
2999
2079
1522
3530
1449
4305
3241
986
2294
1819
4361
349
4229
4117
885
4890
1838
162
4851
2377
2430
752
3957
4195
1869
1179
2241
3895
1027
4852
822
651
1463
2554
4226
4001
4663
3919
4731
3283
4646
2107
2273
1428
1614
775
1399
3300
4364
1980
706
1640
405
2829
2771
4456
3308
2607
4860
4753
4490
2967
1188
3144
1727
3799
4895
3558
4504
883
3939
8
4932
85
3434
456
4961
4744
4469
2503
3797
2120
2364
1047
2713
3520
2826
87
1091
1696
1056
1337
383
3000
1371
520
1408
3242
1929
1840
728
3917
699
3181
1848
530
1527
3712
2289
3247
1203
4950
2122
2790
3050
1645
3343
72
4620
4983
1956
1028
4641
1349
1314
1096
2664
3240
2776
1321
580
3107
527
591
1406
3106
4949
2059
2329
692
2534
4099
4912
67
3918
3282
4706
3805
2846
2975
398
3351
1803
2532
3646
789
3213
3183
301
925
2896
914
3409
3189
3799
2303
2535
1087
453
3306
1410
3115
2870
1990
1646
4546
4509
3125
4591
2629
1870
845
3339
493
3770
3946
9
2744
3793
2280
575
1944
2043
2442
3524
989
2154
280
400
2476
94
2441
3647
2931
3171
4569
4669
2234
603
957
2877
789
1382
3170
2749
3097
648
3240
3023
138
1587
2674
1466
1898
3816
1870
4300
149
2220
2280
3460
3895
1856
146
3830
3716
3926
4392
1909
4693
416
1398
4579
2156
2170
4434
2682
112
2305
2376
3767
997
4239
197
4203
847
2308
2153
3615
1648
2745
206
1376
1077
3068
3654
2724
2023
786
1684
3373
2536
3423
4751
4198
2539
3103
4905
866
1890
3876
1436
2915
1885
1137
2285
2236
1680
3842
1561
2277
3336
1465
3415
1435
4109
3691
2953
3963
760
4701
3547
3415
4245
1742
4535
1095
1915
4932
1434
3793
3935
277
4446
3301
1633
3421
3396
1026
2756
692
481
1651
4063
615
2623
4998
3060
559
3053
1916
3144
1472
3341
1372
970
4970
2833
4169
1799
3915
324
4224
1197
1030
2869
1264
753
1583
4226
4672
24
343
724
4521
2973
3423
2136
2186
612
1190
1238
4883
2810
1351
4798
615
1507
3399
3084
1323
1994
1392
2297
2769
2985
1824
3913
1769
4633
444
2294
1263
2705
296
737
535
3724
3899
3521
294
235
4150
3491
2827
3334
2244
41
873
1237
3120
4966
1447
3542
3197
1164
1677
1520
1901
4665
3878
105
1970
3968
3810
2207
1937
3698
3235
3990
2123
688
1093
1263
2262
4570
4655
4206
4724
3643
670
540
2579
629
1191
581
2652
4299
650
2981
4928
2863
4972
1968
266
3239
1565
567
3452
1046
2905
111
722
4890
3660
1430
2102
4993
3045
679
1440
1177
1092
1352
1238
2899
2327
556
38
2059
4300
3950
4390
2169
1589
3000
2078
4793
3090
4213
728
2257
4043
1031
4827
3371
1270
2515
1393
2810
183
2105
4364
4045
2403
3892
4935
2244
69
459
416
2620
1970
3933
2687
449
1889
2026
541
3750
3411
1883
1817
2938
1598
4145
4357
627
344
1181
889
1929
2562
1655
4921
3497
2914
3660
1179
2301
2400
3507
3085
4101
2665
2480
617
3265
3507
4378
2763
4159
3361
3244
2063
4001
3611
191
1466
3476
3814
1885
885
427
4252
4315
3605
2427
4495
735
4374
1743
1220
867
2562
1654
3792
416
952
4137
2503
2425
736
2772
2450
895
3895
2124
2912
1603
2871
3503
3183
3493
689
2798
721
1495
1334
782
2340
4574
2806
3343
4954
1244
3802
2929
43
4598
457
2647
3297
2870
548
1489
2123
2550
4391
3530
1102
4968
4837
3907
2750
3904
4879
1112
3176
2029
4593
2954
379
4822
4666
2735
1328
4312
291
1122
3095
4498
3466
4125
3734
4527
4859
4329
2075
1217
3044
126
1641
219
1601
138
4182
688
734
1617
241
2073
3130
2853
927
1891
4165
81
2537
4103
3753
618
4228
3807
2462
1843
4258
3268
3415
310
1041
159
839
4841
1632
3687
3386
1441
2412
726
4924
2491
295
3467
206
2199
2503
3286
906
1315
116
4866
397
1765
1623
2825
4472
3924
172
3877
1127
182
1018
3238
3550
4629
1735
943
3976
2892
4698
2000
1582
4494
25
479
442
80
2332
1535
2186
1303
2634
2934
3483
792
2706
853
913
3568
1911
565
3798
4010
1458
90
4936
54
3203
4624
4281
3275
1765
890
2462
211
4861
3060
3430
1349
4323
3304
51
1854
4241
4834
2960
2120
2565
2310
4835
2803
3949
3718
1585
4462
1375
4136
2902
341
4972
241
692
1072
3541
781
4194
2678
1545
4958
877
4885
3109
1004
4852
1912
799
2886
53
1521
2531
3587
2072
51
4244
3389
1415
513
3475
4550
1196
4168
957
670
1345
2015
1900
2229
3470
379
1382
1369
3774
1
1415
2458
1470
3314
4475
1894
2021
3035
371
1056
1146
4959
4195
2014
4966
4873
2692
2019
962
1284
2808
4721
1949
1973
3057
3441
3305
4737
4603
4889
2735
1675
3193
2305
4045
1968
2161
77
4528
964
225
4879
3053
1016
3253
3914
3628
4619
1607
455
2108
1061
1565
3055
4222
307
3118
208
900
2056
399
168
2901
1034
2205
189
4744
4647
3671
743
4253
2857
492
578
289
1961
1269
4691
69
2487
2274
2966
3848
4872
1168
971
1780
3711
2374
80
1587
249
1965
4732
4230
3542
1497
4723
2414
3083
3399
1689
301
4146
3169
2474
2138
3705
3178
4416
1715
3043
4949
1604
2516
1818
786
4563
2440
45
2886
999
4391
3775
798
1482
3621
3167
277
2630
3895
561
2011
3478
1763
3414
3015
2760
3468
2657
983
1960
4498
285
69
2171
1603
4000
3495
1425
1173
3516
255
1366
2576
859
3971
965
4166
3478
1241
2873
4636
1129
3647
3538
4861
2085
1128
4799
3551
4808
4539
1580
4354
3239
1987
4128
3925
2068
117
1493
3682
1021
839
4399
4074
2148
4990
4751
4157
1369
1202
3301
1491
4389
3021
4828
2073
2615
2903
1029
1653
3247
2672
4604
4711
1721
4638
4798
3529
4937
3167
1157
2797
1142
1371
2274
639
598
3633
2930
3667
2036
2640
4900
2743
297
1762
49
1835
1908
337
4277
968
920
1110
1739
767
4525
3538
3836
3157
2787
4729
898
520
4505
3124
936
4297
4814
4335
4579
4871
4151
4601
4558
3272
4444
1046
1056
439
1313
1519
4703
1819
783
4908
3248
4916
3856
2573
3962
2347
671
36
1802
2417
2554
1971
4632
1716
934
3062
1806
3484
2322
2686
569
801
4381
1958
2345
3282
3968
908
4086
4536
2157
4793
4779
2885
401
2918
3554
729
3976
1451
3872
4466
4856
2812
2002
3034
57
940
4153
4881
2172
1540
2051
1328
3129
2516
440
4349
513
281
3383
4670
191
724
4864
3524
3325
4508
3526
1333
719
2369
833
939
2059
4810
109
4894
4902
4773
3742
860
4866
513
1878
42
4782
4031
3843
4529
1554
172
3620
3437
1526
2825
2172
2799
1715
1690
1887
1645
4546
1553
1109
1026
1718
1914
4473
1218
1
3129
1109
4767
4983
4291
2099
1789
3290
1696
3234
2073
1995
2397
3390
3713
2433
902
3986
2619
3765
1968
708
3146
1119
4284
1894
81
3350
2139
2650
3078
4232
3184
4718
3086
509
949
2111
2659
4506
643
7
3436
4062
657
4886
1027
3165
3096
795
2078
255
1755
2876
715
3647
676
4792
1731
3101
918
205
3757
3208
4616
459
1905
9
2989
4428
1118
154
2834
3127
3684
983
1923
2454
4013
2285
1115
3520
2388
1640
47
2161
4490
3093
4149
4921
2109
4227
1821
4279
4367
410
77
3948
1311
2304
4020
9
2397
485
3021
3171
1953
234
923
2504
2596
881
380
3537
2468
3314
4205
1592
3064
540
1824
312
2610
231
741
2687
3492
1507
1420
1036
1426
3226
203
2725
2392
3588
1398
1346
2730
501
3022
2212
3701
702
3111
1839
4453
2383
1849
2414
2996
380
3382
4138
4439
2133
4284
2654
4744
1925
2447
132
3580
3855
3173
1267
2695
1869
1218
4942
2379
2129
2762
3541
3071
2307
2890
2421
2172
3673
4844
935
1093
1285
4793
1097
3530
3314
3326
2989
4049
4809
349
509
4185
3237
3209
264
1340
1697
2592
455
2253
1341
453
1278
498
2625
4173
2065
1753
641
2330
1238
3584
4746
839
3912
4200
3493
864
856
2067
4717
3820
4239
981
597
517
156
312
815
3213
4694
3832
1636
203
1458
144
125
2052
966
422
317
3321
3027
2397
790
4787
4869
741
1210
144
2630
2199
300
1130
173
4618
447
3595
2645
1877
951
4680
4598
4995
2941
3590
4703
1391
3475
1757
822
2789
3788
2048
536
2178
3530
3689
4223
468
104
3770
1581
2128
614
3918
3145
1867
3954
656
1967
4086
2238
1433
3009
1751
3938
3103
4484
1009
1208
237
2594
1042
4202
389
634
69
2334
2139
676
814
2507
1714
3427
2167
519
708
1114
3719
731
3655
3184
2821
507
2827
396
980
1061
1022
2118
1769
4937
2318
3398
1526
697
3257
1410
2019
2127
2281
3855
1189
2847
2149
645
2388
765
3023
4930
4989
3816
2752
4701
664
542
1750
285
354
1065
4515
4578
2991
2098
2324
2663
3210
4918
4119
385
3726
4877
1167
1984
856
23
2306
1606
780
946
1624
733
4163
954
2719
992
1996
2038
2246
1288
124
1711
4469
2688
659
4138
4277
3528
517
4861
1997
3602
3423
59
1323
3527
296
614
2923
1703
3559
11
29
3613
3374
946
218
1627
4662
2243
4404
4322
1864
98
1345
1036
1154
27
1105
2007
1988
3964
1451
4424
3867
3837
3371
4882
112
714
2645
1012
4123
1522
3544
4575
167
1228
3474
3806
3173
1513
3253
4293
1074
2936
3458
2873
1656
1745
3442
67
4564
2477
548
4739
2828
2429
3963
790
4577
399
786
2438
986
2181
4270
2396
2037
418
4579
1665
303
1262
464
4143
3671
2483
2507
4294
1289
1365
3583
3332
872
2521
3546
2509
2808
4095
2269
266
2375
1486
1388
1521
2590
68
986
506
728
3776
3729
1012
4009
2160
3952
3660
3994
4586
103
3426
3273
2236
424
3395
2838
302
2706
3040
3140
471
136
3897
4844
2185
3286
4404
2049
2652
4346
780
817
3922
1661
3649
3432
576
3485
1356
1502
3757
1490
1690
1558
1735
1988
2989
4118
2429
258
142
509
4561
3971
1142
4130
742
416
4633
3723
31
3054
1158
4560
1233
217
2754
4308
1638
4602
1635
4222
4700
4425
4699
1125
2049
1643
2971
1968
380
2075
2465
4393
2335
1568
2433
3844
4833
4078
3779
817
3712
3935
2373
2995
4559
4831
1022
2643
2384
4137
4906
4031
1318
4872
575
2763
1395
1724
3506
1790
3029
4864
4983
800
133
290
4001
2421
4268
553
2621
2710
1980
2660
646
2582
2898
1285
2407
3252
2974
1892
3618
1218
4507
1517
2234
3754
2984
4823
4396
3565
1949
4221
2176
4132
3049
526
3526
211
2245
80
4060
1705
1445
3213
2715
4804
1944
4838
841
2611
1500
4491
1648
1512
4617
3988
328
3399
3135
341
2925
3287
418
1600
983
2732
4840
3793
2934
2697
4022
1364
3578
3614
2534
3877
1258
1736
4891
481
4430
917
3355
874
462
4146
2941
2081
2198
2256
4895
1173
4628
1586
2570
2234
247
3796
482
1999
1596
1753
2889
1557
523
3478
2069
497
1695
3815
3415
585
1102
2199
3195
4070
221
4219
1776
4865
3139
2543
1064
3410
3425
1160
1231
2002
3272
1209
4136
481
1174
4269
1103
772
2561
579
4801
3883
614
4880
3731
4179
4448
4086
2737
2303
4442
4180
3811
4861
489
592
3624
4384
1387
3450
3630
3929
2574
2110
2566
246
977
3783
3957
831
1505
4948
2439
321
1698
2817
2325
4135
2624
4002
2515
1134
3109
3907
3101
4417
3534
3749
2442
4760
7
521
2148
3705
1225
4420
1706
2353
1514
72
228
2712
934
3561
1854
462
3165
3020
1272
934
1550
1599
4314
2205
211
3182
3066
4035
2565
4624
4622
2244
3744
3068
1815
3731
1376
1630
1314
419
3319
4171
4788
2251
710
733
1346
2933
873
4694
4860
1362
3516
959
35
1896
4639
1275
4861
941
1655
772
1644
778
401
122
333
4766
4184
860
2729
4597
1842
2097
2256
4192
485
896
62
213
4187
4926
241
331
818
752
135
1845
3909
1809
4533
1020
1785
3818
2382
4079
3415
4524
4317
3759
533
4308
1753
430
2144
4585
2702
2009
933
3215
4646
1485
4637
727
1600
3912
4669
1006
4097
4434
927
3008
4682
229
573
2791
237
1701
4890
1874
4276
93
2177
1740
1023
1118
4095
415
3642
2041
2839
573
1222
2448
4513
2342
3732
513
1570
4552
3293
2013
4969
2115
1682
1349
2367
2426
1969
2778
512
1980
1394
661
3033
4274
4315
3007
101
35
3002
580
698
3232
1632
2751
257
1981
752
1372
909
339
4561
2901
82
1553
1833
3024
2520
2777
3895
2529
1134
3182
2790
3320
1294
1480
2760
3010
2582
3383
2373
3289
989
429
1081
4064
3223
3079
998
826
4129
2806
1913
1443
3185
2828
1073
2947
1226
2478
3604
572
4872
3886
4391
3639
2423
1101
2637
4431
435
4775
775
285
4221
3263
4445
233
856
3747
4819
2866
192
1130
4464
1292
1923
1760
2379
4874
4046
892
1202
4335
2572
2521
1397
322
538
2700
3962
290
884
4083
2991
1130
3704
3895
920
958
3834
1357
1970
3960
4268
3870
349
811
4624
3906
4415
340
4935
3110
2864
631
2854
4569
1378
1080
4471
2238
3060
922
3247
996
1726
2134
2403
64
4099
479
3149
1152
1645
1959
948
1968
2780
4197
3065
4180
2110
214
957
3042
3011
2884
989
3934
4634
4715
3006
3607
4949
4563
2556
1070
3064
60
1974
3389
2938
438
1210
4144
2130
2030
4359
3860
4206
4464
614
3977
4933
942
1473
2247
1006
721
1247
1370
4116
2937
215
4327
4539
2927
3305
2917
1065
4621
3358
4571
844
1889
1449
4842
1742
2592
3641
3963
328
2470
3158
2122
3988
4554
830
4527
3912
134
636
3081
1338
583
2240
647
4805
4680
1384
1790
14
533
4249
3907
3941
2296
1815
3832
2545
870
3879
1893
3311
2421
3960
2061
1945
1378
3781
4620
4637
1041
3059
1004
864
4790
4202
2619
1583
792
1623
2818
1158
3774
3024
2286
1594
662
4122
477
4557
2325
2227
1788
4394
2008
3932
1632
902
3443
863
350
4145
1907
3725
2957
1468
577
4876
1407
4462
3077
439
455
3725
1748
4001
1758
4216
2240
423
1375
3885
2048
2950
3518
3398
2459
890
4243
3309
4438
4027
4353
4172
1733
4958
161
3104
1851
4639
188
2315
1966
4515
4988
624
1806
3101
4037
1042
4701
4445
4581
421
4202
4912
3726
3862
550
1580
838
312
2797
977
214
557
3529
1731
4254
572
1076
3426
714
4162
1538
1513
4614
1219
492
4946
3901
3625
4491
4472
3823
1033
522
3458
120
4551
882
644
1411
2878
3548
4035
4246
171
1243
1585
3823
3395
4145
4887
2632
3224
733
1085
143
1993
278
906
2209
3737
444
1852
4536
4325
4593
1926
3354
3365
3658
1613
560
3854
3643
4586
3776
283
4791
1875
956
588
2665
243
2299
278
4317
1709
1511
3913
2613
2316
1190
1350
4501
100
2264
2599
3661
521
3166
3600
2680
4578
4245
2395
587
1285
4891
2508
3010
1473
3315
3443
2774
762
4886
2309
4442
561
268
1280
629
2901
3259
1675
2746
2414
3977
3399
1193
2566
1531
4249
501
4292
70
3951
2134
4293
1323
291
2423
2506
4911
1377
4656
1688
1807
2997
2802
322
1493
3135
176
3610
2245
3236
2954
4845
3660
3495
1078
233
4299
911
2416
584
1422
1018
1827
3560
4477
364
2046
4638
743
627
2765
3618
2289
379
81
1468
2425
2410
2568
1552
3838
557
4040
2362
2927
4227
1344
1007
4217
3473
3523
4023
4713
3261
83
2325
1353
1569
2469
3682
4900
93
1356
507
3950
4893
4688
1644
3490
3625
545
4432
1739
2138
2375
3115
4625
395
527
4194
4549
4317
237
1284
666
3054
2565
1482
1866
1544
4293
2695
773
3822
4092
901
2512
1937
4977
2659
774
3358
2210
4666
4379
3313
2300
2366
3364
3462
2991
1261
364
2252
1208
4166
4008
886
3264
2811
565
766
4307
1869
4305
3525
1894
1528
275
3874
3658
2192
3537
3126
3193
1963
441
154
3250
2476
4232
2959
184
2842
3070
1314
3048
4478
1358
4989
3461
4371
666
569
1822
102
3026
3724
661
4498
810
1654
27
1671
1801
1153
2560
853
668
3040
2143
4748
4266
1534
4568
1794
2328
4984
3863
1469
3665
716
3810
4246
1755
2318
3107
1756
3460
4809
4805
4922
3204
742
4876
3495
1654
3520
240
3078
3224
4009
2613
4930
2292
1669
467
1486
4979
2352
2230
3845
690
4251
430
4670
933
3318
4478
3235
273
4349
3335
3190
910
2938
3667
2942
3570
1184
575
3464
4791
4001
4848
2285
2786
3839
3157
2833
617
2885
1524
4610
4795
218
2217
4202
986
1321
1514
153
1766
2450
1421
3263
4599
2336
1781
1025
3564
4469
3475
454
3382
2984
745
2700
549
3298
3058
2967
357
3983
1049
2105
1320
2040
664
4544
2154
1382
2667
3729
1805
2310
4895
4159
4464
4768
1805
4016
2991
3158
2378
3976
3532
770
3059
4216
1708
2257
2221
4410
4012
3332
4798
3010
1885
3097
3660
1694
1449
3625
1681
3185
1311
2917
1919
2996
4914
4637
1976
1007
4618
203
2043
4860
1513
4541