1199
44
1067
1549
803
541
6
167
1738
1290
736
1453
1303
465
1138
1634
1492
38
338
1335
878
1417
702
1878
820
518
1586
1278
1768
173
1086
1106
1401
569
1642
319
1186
170
71
281
1542
247
1756
1528
811
1207
1016
1121
1551
1993
1682
683
5
560
1497
1717
334
913
339
82
1175
565
1157
1510
720
1730
556
1392
14
1474
1660
1047
1123
1004
655
1499
774
1223
1938
1201
543
1643
1415
51
919
795
152
1482
761
1656
1219
1929
813
1168
1875
1882
217
913
1007
1356
667
1883
161
732
1848
288
1392
187
508
1166
911
1622
458
829
894
374
1093
1338
1451
553
433
1430
1081
1526
306
1833
1088
1448
1099
1051
848
640
302
888
1816
1240
1404
881
383
290
360
217
1723
1581
1509
1133
1582
1746
1933
1615
191
1287
627
1000
1261
403
1038
1272
425
51
1598
169
2000
231
1443
1183
1234
695
168
1328
1856
277
742
315
1524
337
127
173
549
476
1090
1528
583
1750
1514
1690
1503
1231
1264
241
622
1543
351
1384
1358
557
675
230
1581
566
966
1635
763
1614
765
606
1097
1001
1129
1527
606
340
1022
944
1993
1673
1817
608
1633
483
77
1193
1744
207
963
640
1566
683
1472
1074
1441
1580
250
250
368
1383
1819
126
1217
1259
1171
502
219
1768
741
317
1554
360
13
840
654
649
1906
1854
916
671
1908
1491
755
726
998
1886
1284
1858
879
769
670
1678
1775
1019
274
377
44
1417
863
412
636
29
1622
348
511
1776
1602
1400
845
1170
32
253
1120
988
1880
197
432
1658
975
1879
340
1628
1757
1607
1008
365
1291
488
1153
1765
1038
841
1826
475
1477
442
1635
946
1722
727
1714
225
50
1167
782
415
827
1610
1309
1270
1796
1527
16
982
587
1665
297
1097
1971
1907
1633
1844
1957
1481
540
789
1883
1386
792
265
1578
1473
1442
1564
641
1541
1407
1681
777
1234
975
1040
457
978
375
1308
1808
1341
454
1944
1316
1415
1875
487
521
1859
1925
706
1703
1051
1773
685
115
1082
456
1979
1601
717
251
132
442
1101
1559
878
581
1878
139
1387
771
1472
387
1859
1311
1747
1071
1990
1880
1607
1784
1837
1650
552
1046
1693
1132
1487
350
187
702
112
1821
1491
279
303
1630
1883
1978
811
773
1667
1813
1732
1850
1945
507
1323
1414
815
71
1384
639
401
78
1140
759
1035
615
1480
523
1507
1787
831
922
366
1792
331
590
1332
649
306
1090
534
1780
1182
608
1148
938
956
637
958
1674
220
1914
270
360
1896
1916
968
1909
529
1293
1660
257
495
512
106
26
1133
130
1783
1281
1485
595
593
1656
1209
1837
897
970
308
1578
1409
1820
951
1925
9
854
1212
1442
2000
1752
1679
60
580
101
850
1854
490
440
1201
843
1233
121
1175
131
95
1132
490
25
23
1617
456
764
1725
306
231
1370
122
1838
1576
561
1558
1689
1146
844
406
1929
181
540
516
1898
1253
379
1649
1762
1934
1009
318
1676
1434
958
996
356
742
239
822
85
1260
22
1457
1637
456
835
1893
780
91
1968
458
1023
1381
670
329
1020
1702
1248
775
565
1312
1222
734
499
1695
348
180
56
1237
1524
297
667
3
266
1023
879
1409
1838
495
1587
1584
199
1283
1311
977
589
1581
1428
1181
1135
987
728
285
1539
933
1027
1357
1630
101
116
1176
599
1077
920
255
665
1436
1102
23
1273
336
1237
1750
40
1936
155
438
211
494
1991
1616
680
1338
825
1380
1088
132
1123
863
496
99
408
1573
1611
1621
565
62
1892
1793
842
610
1638
806
171
257
830
1868
188
1572
734
1269
113
1928
1399
1802
291
333
73
1268
84
394
1123
540
1547
940
1038
996
814
312
200
490
1981
172
1773
1746
733
1221
1846
1226
1264
285
1312
311
5
364
23
1007
1152
399
98
1602
124
1750
1215
1444
1957
195
967
83
897
455
242
521
179
844
606
935
9
953
1637
98
992
134
1862
110
1501
1243
1463
1948
1214
249
1441
1676
1875
464
71
1414
1536
1700
1453
615
1740
1629
1134
1704
1693
1189
1877
1692
1011
1069
164
463
1881
769
1952
973
530
591
1646
1389
304
825
352
1790
303
1848
1136
1806
1734
1388
1666
166
421
826
1434
295
524
283
1298
1996
1329
1487
641
1943
550
133
1558
1888
253
1835
1242
125
320
810
332
1255
857
55
213
598
1555
435
353
1800
701
146
469
1344
1909
822
51
894
1378
1791
527
749
1965
329
661
1255
162
1928
129
460
1374
74
1151
560
1225
40
818
1188
825
1554
1354
1931
1756
1502
1650
1187
832
762
1814
1106
1474
553
1362
1207
1386
299
1303
1298
1690
562
129
1891
711
1886
1501
1148
1079
1811
1022
1246
981
668
1036
886
942
336
1088
1057
689
42
565
752
1202
415
1029
1089
48
1572
439
410
1854
1657
1228
1607
5
803
1103
1443
242
1578
261
1952
1852
1251
672
98
1284
791
807
1867
451
1784
1202
1031
774
145
131
843
1443
217
201
1916
1111
333
1774
1830
1343
271
1654
1482
1446
804
426
1071
1694
356
1636
1600
1714
1616
513
87
560
1272
647
588
1768
1665
1742
963
771
730
1876
157
622
252
576
386
1276
416
31
548
1011
174
1423
89
658
1541
1098
690
957
1305
412
1137
386
770
1947
689
1678
1780
259
1423
14
1146
1402
82
646
433
1932
259
1183
1017